209
19.663
0
0
0
0
0
0
0
0
0
0
0
0
0
0
0
0
0
0
0
0
0
0
0
0
0
0
0
0
0
0
0
0
0
-0.000923992
-0.131207
-0.107771
-0.0482388
0.0517668
0.0139805
0.265154
0.00176636
0
0
0
-0.0650295
0.0787907
-0.102421
0.0624461
-0.168219
0.069502
0.0698884
0.0262
0
0
0
0.0009657
0.0391729
0.107748
-0.12556
-0.0205173
-0.0986119
-0.122004
0.0837338
-0.234903
0.150948
0
-0.0186495
0.0650651
-0.0813285
0.108372
-0.0419533
-0.108151
0.0824796
-0.102048
0.138954
0
0
0.0868194
-0.11363
-0.069421
0.0083474
-0.00856385
0.0491953
-0.0380487
-0.00758018
-0.0743069
-0.0573578
0
0.0587627
0.0406839
0.00554047
-0.0424061
0.0215327
0.0351554
-0.0776734
0.0177359
-0.0066587
-0.0521843
0
-0.0992349
-0.0412814
-0.0153436
-0.04613
0.115243
0.0252341
0.031072
-0.022764
-0.0222683
-0.0355393
0
0.106225
0.00252195
0.12766
-0.0746587
0.0425148
0.0174989
-0.141731
0.0117955
-0.0581005
-0.0175447
0
-0.0515631
0.0842554
0.0308235
0.173842
0.0394729
0.0481985
0.151044
0.11523
0.0419969
-0.00179946
0
0.00356744
-0.0384849
-0.108679
-0.0503685
-0.0930817
0.0363327
-0.0275633
0.0491675
0.260557
0
0
-0.0835115
0.0318133
0.111163
-0.00283326
-0.0411046
-0.0512646
0.112066
-0.159189
-0.0863957
0.385762
0
0.114473
-0.168576
0.0269759
-0.0453338
0.087788
0.0472807
-0.0879142
0.0244714
0
0
0
-0.0670718
0.0535878
-0.0442709
-0.024429
0.0204273
0.0259887
0.00666097
0
0
0
0
0.0232598
0.0214648
0.0121369
0.000985905
-0.0137725
0.010506
0.0170819
0.0173006
0
0
0
-0.00189342
-0.00214587
-0.00214587
-0.00214587
-0.00214587
-0.00214587
-0.00214587
-0.00214587
-0.00214587
-0.00189342
0
0
0
0
0
0
0
0
0
0
0
0
