209
20168.6
0
0
0
0
0
0
0
0
0
0
0
0
0
0
0
0
0
0
0
0
0
0
0
0
0
0
0
0
0
0
0
0
0
-3.32188e-05
-0.00471707
-0.00397816
0.0290604
0.00584241
0.000822888
0.0139095
-0.000100406
0
0
0
0.0804718
0.0646326
0.0803168
0.0786978
-0.0163966
-0.0384468
-0.0107334
-0.0099338
0
0
0
0.110091
0.125737
0.0310037
0.0406264
-0.0929972
-0.00673557
0.0495705
-0.0389488
0.0298855
0.0248417
0
0.183547
0.0948309
0.0107321
0.118164
-0.0596992
-0.0994243
0.113242
0.0127291
0.0130812
0
0
0.345128
0.147663
0.00757657
0.187407
0.0687071
0.0840847
0.233851
0.1846
0.0219805
-0.0267664
0
0.168785
0.00341391
-0.0217387
0.12333
-0.0688045
-0.148934
0.099447
0.141005
0.00153188
-0.0243522
0
0.0708266
0.073405
0.0326013
0.157259
-0.0796904
-0.0755119
0.0212012
0.13943
-0.0103917
-0.0165847
0
0.0465946
0.0356426
-0.0461767
0.171194
-0.122875
-0.12359
0.0119071
0.106266
-0.0310997
-0.00818737
0
-0.0362901
0.00482258
-0.0394353
0.19564
0.00949538
0.0447301
-0.000508283
0.0391212
-0.0281706
-0.00083973
0
-0.0756766
-0.0722921
-0.0203682
0.186689
-0.0468555
-0.0357268
-0.0528414
-0.0359171
-0.0289009
0
0
-0.00214058
-0.0326296
-0.18761
-0.181896
-0.0281075
0.0532199
-0.187137
-0.185175
-0.0188188
-0.0133313
0
0.0142446
0.0662076
0.0623617
0.0990048
0.124075
0.0395402
0.00419313
0.00958743
0
0
0
0.0151051
0.0500493
0.0241331
0.0422419
0.00990274
0.00520071
-0.00707023
0
0
0
0
0.0913504
0.0927184
0.0932715
0.0586763
0.0565946
-0.00682512
-0.00768816
-0.00770113
0
0
0
-0.0178158
-0.0201913
-0.0201913
-0.0201913
-0.0201913
-0.0201913
-0.0201913
-0.0201913
-0.0201913
-0.0178158
0
0
0
0
0
0
0
0
0
0
0
0
