209
-1.29638e-13
0
0
0
0
0
0
0
0
0
0
0
0
0
0
0
0
0
0
0
0
0
0
0
0
0
0
0
0
0
0
0
0
0
0.157352
0.0358898
0.0538166
0.00756778
0.164797
0.199118
0.0200066
0.10104
0
0
0
-0.0013465
0.0053992
0.000657534
-0.0147359
0.00235076
-0.00280338
-0.0268133
0.058232
0
0
0
0.0069037
0.00693781
-0.00525634
0.00869054
-0.0274604
-0.0258779
0.0316487
-0.0223788
0.00836934
0.0445548
0
-0.0169462
0.0144138
-0.010579
0.00488528
-0.00496786
0.0365704
-0.00977335
-0.00873603
-0.147997
0
0
0.028999
-0.0108796
0.00921816
-0.011731
0.0108228
-0.0321185
-0.0150807
0.0162756
0.141074
-0.00544512
0
-0.00310681
-0.0149002
0.010595
-0.0209346
-0.014368
-0.00467386
-0.00525429
-0.00651476
-0.119889
-0.113028
0
-0.0195935
0.0151737
-0.00474206
0.0214411
-0.0136792
0.00877426
-0.00737428
0.0215527
-0.155873
-0.160621
0
0.0413817
-2.52506e-05
-0.0161148
0.00154024
0.0103173
-0.00293353
0.0111287
-0.0355387
0.0349939
0.0703337
0
-0.0239699
0.0259894
0.0163778
-0.0164988
0.0153233
0.00671702
0.00407267
0.00531821
-0.0301725
0.00519353
0
0.0239121
-0.017092
-0.00274541
0.0150291
-0.0286694
-0.0236303
0.00575448
-0.000755801
0.0287984
0
0
-0.0126467
0.00599658
-0.0148065
0.0195976
0.0194779
0.00157925
-0.00851561
0.0284687
0.0204955
0.0226663
0
-0.0190567
-0.0161453
0.0239298
-0.00341792
-0.0324915
-0.00033266
-0.00765304
0.0642406
0
0
0
-0.00524379
0.042043
-0.0473861
-0.240346
-0.399808
0.0614101
-0.185447
0
0
0
0
0.102522
-0.171335
0.0215885
-0.0905617
0.282012
0.0130566
-0.165375
0.347833
0
0
0
0.0309969
-0.178739
0.0526136
-0.0338449
0.315657
-0.0860381
-0.0550955
0.0887811
0.0425341
-0.196314
0
0
0
0
0
0
0
0
0
0
0
0
