209
1.22329e-12
0
0
0
0
0
0
0
0
0
0
0
0
0
0
0
0
0
0
0
0
0
0
0
0
0
0
0
0
0
0
0
0
0
0.0274732
0.0551052
-0.117413
0.0267975
-0.116043
-0.0415184
-0.0683171
-0.000512655
0
0
0
0.0221982
-0.0273687
0.0212653
-0.0228711
-0.014568
-0.0106604
-0.0461781
0.119385
0
0
0
0.0111744
-0.0125702
-0.0382301
-0.0321331
0.0356204
-0.0228235
0.0202863
-0.0206612
-0.131307
-0.173863
0
0.0573135
-0.00429573
0.00407385
-0.0379784
0.0237676
0.00182116
-0.00751019
0.159593
0.440591
0
0
-0.0287735
0.0451012
-0.0871249
0.0496232
0.0036315
-0.0364807
0.0504848
-0.0278294
0.313365
0.0133364
0
0.0150937
-0.0314147
0.00722798
0.0281294
0.000623935
0.0215558
-0.0186002
0.140691
0.0224219
0.184326
0
-0.0568672
-0.0169097
0.00808818
-0.0039221
-0.0139945
0.0385236
0.0450818
-0.163327
-0.0295234
-0.0673316
0
0.00742525
0.0333507
-0.0194513
-0.0221464
0.0141117
0.0237934
-0.0380565
0.0303694
-0.161097
-0.0434092
0
0.0316256
-0.0675902
0.0698781
-0.0301837
0.0127188
0.0129695
0.0267816
0.0789382
-0.151733
-0.000954996
0
-0.0272939
0.0472719
0.0230073
0.0331769
-0.00327586
0.0195284
-0.0444682
-0.094702
-0.237009
0
0
0.0391145
-0.0594007
0.00463601
0.00740086
-0.00646995
0.00780286
0.0288935
-0.00614328
-0.0215166
0.127118
0
0.0240449
0.113379
0.100752
-0.0358632
-0.13836
0.129287
-0.148928
0.297981
0
0
0
-0.103391
0.0657894
-0.0513503
0.012896
-0.0209115
0.11811
0.074632
0
0
0
0
-0.0130541
-0.214755
0.0984516
-0.0372139
-0.00164446
0.108097
-0.0357491
-0.0124798
0
0
0
-0.0209388
0.012536
-0.00803588
-0.00931857
0.00394335
0.0118284
-0.0200001
0.020653
0.027931
-0.0238701
0
0
0
0
0
0
0
0
0
0
0
0
