209
-2.24657e-14
0
0
0
0
0
0
0
0
0
0
0
0
0
0
0
0
0
0
0
0
0
0
0
0
0
0
0
0
0
0
0
0
0
-0.0241126
0.0474684
0.0378328
0.0660722
0.232731
0.103734
-0.0406735
0.0890717
0
0
0
0.00736072
0.0178361
0.0187282
-0.0200092
-0.0373399
-0.0162238
-0.0438275
0.208977
0
0
0
0.00476275
0.0159101
-0.0172007
-0.00387624
-0.0357948
-0.00531193
0.039571
-0.0387338
0.0359416
0.175936
0
-0.00709882
-0.00608804
-0.0241453
0.0281982
0.0236502
0.0516375
-0.0170406
-0.0108414
-0.162132
0
0
0.0335008
-0.0205168
-0.0168276
-0.0177821
0.0261827
-0.0654952
0.00174672
0.0475204
-0.243842
-0.10873
0
0.00222838
-0.0151555
0.0173263
-0.0226252
-0.0296304
0.0207598
-0.0336907
-0.00686113
0.0161998
0.134151
0
-0.0531127
0.0160909
0.00811447
0.0133086
-0.0278333
0.0251893
0.0182427
0.0109385
-0.117183
-0.0292632
0
0.07738
0.016587
-0.0202421
-0.00867543
0.0324018
-0.0130837
-0.0217555
-0.038133
0.0985364
0.134932
0
-0.041926
0.00955172
0.0273155
-0.0376677
0.0238309
-0.000910381
0.0352177
0.00510353
-0.0151528
0.0420289
0
0.0288938
-0.0155872
0.00138927
0.0342127
-0.0503036
-0.0341319
0.0127997
0.00769225
0.0317507
0
0
-0.0034267
-0.00977319
-0.0175937
0.0274316
0.0393525
-0.00609217
-0.0169275
0.0556347
0.00456856
0.02453
0
0.00984452
0.0594044
0.0929097
0.0796434
-0.153338
-0.0079888
-0.00971504
0.116969
0
0
0
-0.0643547
0.0848061
-0.115422
0.417159
0.2495
-0.0773381
0.203944
0
0
0
0
0.152631
-0.364439
0.0633968
-0.0128936
0.0497787
-0.046328
-0.0710948
-0.103435
0
0
0
0.109288
-0.0421822
-0.0343767
-0.038056
0.0464894
-0.0877224
-0.141878
-0.0142444
0.110272
0.119304
0
0
0
0
0
0
0
0
0
0
0
0
