209
57819.2
0
0
0
0
0
0
0
0
0
0
0
0
0
0
0
0
0
0
0
0
0
0
0
0
0
0
0
0
0
0
0
0
0
-3.72618e-05
-0.00529117
0.0127378
0.0210933
0.00341037
0.000408201
0.0066239
-8.30413e-05
0
0
0
-0.076119
0.00987832
0.096398
0.168059
0.151002
0.142021
0.0572517
0.0118482
0
0
0
0.0208506
-0.036711
0.0347901
0.104671
0.107167
0.148582
0.0877394
-0.0135995
-0.0191824
-0.00103092
0
0.0773911
-0.141012
-0.0140445
0.0417668
0.0219729
0.0785168
0.0730225
-0.010421
-0.00112889
0
0
0.0796844
-0.0933291
0.108796
0.147467
0.105471
0.137317
0.120707
0.0345393
-0.000662023
-0.000160151
0
0.0896056
-0.105468
0.015686
0.0977537
0.0706179
0.146158
0.107578
-0.0196453
-7.98086e-05
-0.000145706
0
0.0821516
-0.125291
-0.0060648
0.0529856
-0.0145692
0.105611
0.0664185
-0.0362503
-6.21762e-05
-9.92307e-05
0
0.125317
-0.06348
0.0443081
0.1436
0.0872148
0.15091
0.148697
-0.00947746
0.00611925
-4.89873e-05
0
0.120283
-0.14088
-0.0221479
0.0698576
0.0327954
0.138727
0.117244
-0.0234981
0.000681784
-5.02434e-06
0
0.0978521
-0.104002
0.00381275
0.0733479
0.0521606
0.14164
0.101371
-0.00251894
0.00159559
0
0
-0.0451567
0.0254691
0.234045
0.348398
0.327204
0.235523
0.121439
-0.0197812
-0.0181598
0.00336207
0
-0.0614262
-0.0653181
0.0178758
0.0272301
0.0349352
0.0150121
0.0252706
0.00350781
0
0
0
-0.0783909
-0.045318
-0.0342923
-0.000742714
0.00233608
0.00942251
0.0196305
0
0
0
0
-0.00476652
0.00132653
0.0073922
0.0140656
0.0121177
0.0189773
0.012854
0.0127118
0
0
0
-0.0147596
-0.0167276
-0.0167276
-0.0167276
-0.0167276
-0.0167276
-0.0167276
-0.0167276
-0.0167276
-0.0147596
0
0
0
0
0
0
0
0
0
0
0
0
