209
-1.2204e-12
0
0
0
0
0
0
0
0
0
0
0
0
0
0
0
0
0
0
0
0
0
0
0
0
0
0
0
0
0
0
0
0
0
0.0144337
-0.0595608
0.122394
0.0561028
-0.179944
0.0394716
-0.0210158
0.0228432
0
0
0
0.00277562
-0.0133354
0.00529848
-0.0337033
0.0195317
-0.0481567
0.0314301
0.0937587
0
0
0
-0.0169083
0.0291317
-0.016062
-0.00937005
-0.0288895
0.00206923
-0.000151502
-0.0174072
0.0893607
-0.0813842
0
0.00114765
0.0124797
-0.0270734
0.0437949
-0.0380476
0.0486398
0.0269648
-0.0528248
0.0734067
0
0
0.0310612
-0.00278355
-0.0183812
-0.0148969
0.00498746
-0.00975504
-0.0502784
0.00815337
-0.105284
-0.0218361
0
-0.0254455
-0.00254791
-0.00371677
-0.0295917
-0.0189295
-0.00895483
-0.0155654
-0.0175239
0.00331274
0.0950865
0
-0.00846866
0.0266118
-0.00682341
0.0354374
-0.0249395
0.0108844
-0.0327021
0.0123938
0.0113683
0.01713
0
0.0819592
-0.0430318
0.010782
-0.00144487
0.0301837
-0.0243841
0.0524093
-0.0470355
-0.0172271
0.0178908
0
-0.0679592
0.0406859
0.0326647
0.0165698
0.0456654
0.0235488
0.0128419
0.0218658
-0.201161
-0.00278686
0
0.0408715
-0.0383848
0.0059209
-0.0147447
-0.0245846
-0.0774143
0.0467527
0.03318
0.0139508
0
0
-0.00839766
0.00601301
-0.0114775
0.00496785
0.0644303
-0.0267614
-0.023718
0.0356585
0.00769302
0.0394506
0
-0.0111351
-0.0341565
0.0508916
-0.0697778
-0.0366811
-0.0504052
0.149606
-0.00189767
0
0
0
-0.0214448
0.0799713
-0.0699903
0.179713
0.013117
0.550878
-0.188035
0
0
0
0
0.283784
0.102112
-0.449382
0.159712
-0.11685
0.0271332
0.0366595
0.0076184
0
0
0
-0.00779671
-0.0463289
0.0273738
-0.00049342
0.0330678
0.0173616
0.0556573
0.0615439
-0.0603101
-0.0917916
0
0
0
0
0
0
0
0
0
0
0
0
