209
10218.4
0
0
0
0
0
0
0
0
0
0
0
0
0
0
0
0
0
0
0
0
0
0
0
0
0
0
0
0
0
0
0
0
0
4.53895e-05
0.00644531
0.00126584
-0.00384347
0.037109
0.000525801
0.0106215
0.000144589
0
0
0
0.105101
-0.0157698
-0.0323684
-0.142513
0.00963968
0.11699
0.043262
-0.00470036
0
0
0
0.0504015
-0.186704
-0.100494
-0.0968783
-0.0144048
0.129072
0.133613
0.0686575
-0.0420644
0.0170675
0
-0.0478367
-0.199882
-0.0859575
-0.0548504
-0.0680329
-0.0466995
0.106951
-0.0083993
0.00722163
0
0
-0.0398921
-0.162129
-0.0799233
-0.156383
-0.017748
-0.0431933
-0.0647647
-0.119306
0.0195057
-0.00664828
0
0.0801695
-0.160027
0.0287051
-0.0652176
-0.0688504
-0.0962016
-0.112072
0.0254143
0.00153835
-0.00604863
0
0.163045
0.108192
0.142248
0.137903
0.0101844
0.0292215
-0.0586906
0.0342681
-0.0025811
-0.00411933
0
-0.036535
0.164498
0.171688
0.0614409
-0.0022559
-0.0522597
0.0282567
0.081999
0.0136124
-0.00203359
0
-0.0530913
0.105309
0.0255033
-0.00144553
0.0305462
0.0740928
-0.0323348
0.0722561
-0.00901606
-0.000208574
0
-0.0362725
-0.0780613
-0.0820397
-0.0846358
-0.0309581
0.160073
0.122075
-0.0209835
-0.0152245
0
0
0.112985
-0.142194
-0.224572
-0.11111
0.0488515
0.362001
0.23417
0.0842931
-0.0615415
-0.0114834
0
0.0985448
0.0362328
0.0203322
0.0365367
0.0433121
0.0529153
-0.0593986
0.0119827
0
0
0
0.118777
0.102697
0.0339291
0.0243536
0.0188684
0.00772081
-0.069206
0
0
0
0
0.105028
0.0962031
0.0818167
0.0341798
0.0256115
-0.0655467
-0.0531336
-0.0527964
0
0
0
0.018314
0.0207559
0.0207559
0.0207559
0.0207559
0.0207559
0.0207559
0.0207559
0.0207559
0.018314
0
0
0
0
0
0
0
0
0
0
0
0
