209
50.666
0
0
0
0
0
0
0
0
0
0
0
0
0
0
0
0
0
0
0
0
0
0
0
0
0
0
0
0
0
0
0
0
0
-0.000980311
-0.139204
-0.0155667
-0.00693189
-0.059706
0.00554269
0.0796447
-0.00236732
0
0
0
-0.0962298
0.0274344
-0.00609618
-0.0115793
0.0926137
-0.232525
0.256444
-0.120262
0
0
0
-0.0297988
0.0898567
-0.0915754
0.0405318
0.0439202
-0.0262206
-0.0224269
0.0890674
0.045179
0.093399
0
0.0397244
-0.112488
-0.0905355
-0.0256927
-0.0276248
-0.0346922
-0.0918355
-0.0186801
0.0784631
0
0
-0.131084
0.0589722
-0.0220343
-0.0411334
-0.011518
-0.0283969
0.148714
2.64621e-05
-0.0653875
-0.0160948
0
0.156778
-0.0381309
0.0580781
0.00829028
-0.0333559
-0.00173202
-0.096677
-0.0596416
-0.00844715
-0.0146431
0
-0.197044
0.151019
0.0174735
-0.0963774
0.00418137
0.0284559
-0.00433674
0.282493
-0.00624855
-0.00997244
0
-0.0340514
-0.0716253
0.0615711
-0.0801692
0.0276664
-0.0259748
0.0521551
-0.0495197
0.14596
-0.0049231
0
0.218328
-0.0494309
-0.0457285
-0.0569991
0.0409227
0.0165049
-0.0650019
-0.103642
-0.0230681
-0.000504934
0
-0.0498461
-0.0497728
-0.0628518
0.13596
-0.330224
-0.0215822
0.0107758
-0.0767295
-0.0110276
0
0
0.0192765
-0.125954
0.0613229
0.00694643
0.025896
0.0621975
-0.0128151
0.0861288
0.0859841
-0.0328237
0
0.116432
0.157041
0.278028
-0.142004
0.0999428
-0.0329505
0.0195408
0.0400227
0
0
0
-0.104852
0.0022
-0.071112
-0.0841833
-0.0346719
0.0227396
0.0213093
0
0
0
0
-0.0696712
-0.0259787
0.0292695
-0.0502121
-0.0402853
0.0109331
-0.0404134
-0.0417083
0
0
0
-0.00992314
-0.0112462
-0.0112462
-0.0112462
-0.0112462
-0.0112462
-0.0112462
-0.0112462
-0.0112462
-0.00992314
0
0
0
0
0
0
0
0
0
0
0
0
