209
-3.35512e-16
0
0
0
0
0
0
0
0
0
0
0
0
0
0
0
0
0
0
0
0
0
0
0
0
0
0
0
0
0
0
0
0
0
-0.172923
-0.0164466
-0.0223107
0.00439599
0.00272928
0.383656
-0.0297799
0.08764
0
0
0
-0.00175575
-0.00102353
0.0067871
0.0096
-0.00132195
0.00417206
0.00789307
-0.00829531
0
0
0
-0.00646585
0.00194846
0.00589163
-0.00318508
0.0151931
0.0138147
-0.0141796
0.00575917
0.0167648
-0.057331
0
0.00372172
-0.0115497
0.0022374
0.00277421
-6.22411e-05
-0.0244681
0.0103039
-0.0184207
0.0510857
0
0
-0.0128664
0.00236522
0.00145242
0.00225744
-0.00209759
0.0151625
0.00206037
0.00144701
0.0570337
-0.138812
0
0.00576325
0.0046519
0.00274162
0.00733275
0.0037175
-0.00150887
0.00181661
-0.0157232
0.276607
-0.0475312
0
0.00190335
-0.00937056
0.00268555
-0.00838691
0.00655759
-0.00218105
0.00879203
0.00415652
0.291157
-0.00180125
0
-0.00900867
0.00695444
0.00557712
0.00610372
-0.0087008
0.00101037
-0.0177607
0.00439137
0.0300586
0.214321
0
0.00837162
-0.00847091
-0.0193312
0.00396772
-0.00539713
-0.00506396
0.00261779
-0.000483437
-0.0405975
0.0678024
0
-0.0122019
0.00937769
0.00291022
-0.0110313
0.0224911
0.0196729
6.26476e-05
0.0155453
-0.0214213
0
0
0.00888744
-0.00617221
0.00588635
-0.00850413
-0.0153101
-0.00273434
0.00191202
-0.0150737
-0.00780612
0.0291441
0
0.00535927
0.0135914
-0.0165873
0.00180888
-0.00120041
0.0135593
-0.00849217
-0.0120369
0
0
0
0.00904287
-0.0168092
0.0102947
0.0233528
-0.0127791
-0.0266474
0.0199582
0
0
0
0
-0.0806911
0.0650374
0.0319783
0.00461068
-0.0834561
0.0298443
-0.0462604
-0.000882396
0
0
0
-0.201525
-0.369565
0.0505061
0.157029
-0.113291
-0.358409
0.240817
0.291257
0.191494
0.0997094
0
0
0
0
0
0
0
0
0
0
0
0
