209
21734.8
0
0
0
0
0
0
0
0
0
0
0
0
0
0
0
0
0
0
0
0
0
0
0
0
0
0
0
0
0
0
0
0
0
-4.89028e-05
-0.0069442
-0.00895875
0.0110041
-0.0428348
0.00147336
0.0271971
9.62523e-05
0
0
0
0.0902466
-0.00158541
0.0164929
-0.0875549
-0.112587
-0.00775906
0.044702
0.00779674
0
0
0
0.123198
0.075788
0.210639
-0.0156962
-0.000675644
0.0213112
0.0929985
0.0197484
-0.0130181
-0.00257746
0
0.0743914
-0.0559499
0.115442
-0.112383
-0.052315
-0.0378942
0.0650361
-0.0263363
0.00246115
0
0
0.0890609
-0.0563613
0.12517
-0.0438517
0.0736534
0.0220024
0.225615
-0.051833
-0.0304315
-0.00884377
0
0.0914089
-0.150148
0.100294
-0.0709764
-0.135806
-0.141245
0.105779
-0.1543
-0.00244263
-0.00804609
0
0.0196137
-0.250801
0.15247
0.00217942
-0.0826622
-0.139364
0.0626922
-0.149472
-0.00343346
-0.00547967
0
0.0867126
-0.0793005
0.204982
0.062437
-0.0395005
-0.0917487
0.107182
-0.0608663
-0.00879051
-0.00270515
0
0.0730844
-0.0269589
0.272129
-0.100617
-0.0644258
-0.065156
0.081884
-0.0741111
-0.00114033
-0.000277452
0
0.0763533
0.0102101
0.185606
-0.132349
-0.0994076
-0.126257
0.0220715
-0.00360012
0.0168382
0
0
0.168636
0.148666
0.157827
-0.106787
-0.140191
-0.0828833
0.063157
0.138155
0.0151786
0.0286538
0
0.0877093
0.0300438
0.0807363
0.0174093
0.0226209
-0.0407036
-0.00210926
-0.0062452
0
0
0
0.140155
0.0603314
0.0761798
-0.0208083
-0.0229226
-0.0274872
0.0120279
0
0
0
0
-0.0892872
-0.0938102
-0.0929406
-0.0615812
-0.0492121
0.0099105
0.0110563
0.0110359
0
0
0
-0.0100023
-0.0113359
-0.0113359
-0.0113359
-0.0113359
-0.0113359
-0.0113359
-0.0113359
-0.0113359
-0.0100023
0
0
0
0
0
0
0
0
0
0
0
0
