209
3.87752e-12
0
0
0
0
0
0
0
0
0
0
0
0
0
0
0
0
0
0
0
0
0
0
0
0
0
0
0
0
0
0
0
0
0
0.0072667
0.222683
0.134806
-0.0421292
0.191485
0.062556
-0.249686
0.000730847
0
0
0
-0.0379056
0.0269906
-0.0711627
0.00147862
-0.0754156
-0.0982306
0.227097
-0.107702
0
0
0
0.0763905
-0.0166473
-0.0200914
-0.0708421
0.0381222
-0.0448774
-0.0977118
0.0938931
-0.154535
-0.169353
0
0.0843991
0.0189812
0.0335422
0.0188222
-0.0157393
0.0745831
-0.0328475
0.15193
-0.0416259
0
0
-0.0289526
-0.0814094
-0.0643722
-0.0170689
-0.0369063
0.0540053
0.0144454
-0.0766089
-0.231775
0.0791999
0
0.0122174
0.0974961
-0.0599078
0.0112107
0.0520083
0.0419573
-0.0773956
0.180512
-0.00480641
0.0116344
0
0.0331097
0.00398199
0.0189554
-0.0141738
-0.0201935
-0.00740669
-0.0142731
0.056225
0.00974412
0.00942361
0
-0.0235666
0.0404607
0.00316052
0.006719
0.0532891
-0.123003
0.121799
0.16218
-0.00251535
0.00515436
0
-0.0167507
-0.00974026
0.285204
0.133186
-0.0854575
0.082726
0.0617924
-0.28773
0.071146
0.00191812
0
0.0700718
-0.0748968
-0.0762646
-0.0361187
0.053138
-0.196425
0.0182872
-0.0552712
0.0332158
0
0
-0.0247475
0.0298089
-0.0241506
-0.0592976
0.147687
-0.0328328
-0.00338626
0.000490271
-0.0732598
0.0101548
0
-0.0638858
-0.0381644
0.0222099
-0.00406357
-0.0801115
0.144903
-0.0604348
0.0273406
0
0
0
-0.0948858
-0.014536
0.0732142
-0.10685
0.0682426
0.136363
0.00159183
0
0
0
0
-0.0574917
0.0411202
0.0601159
-0.0438776
-0.00836972
0.0193745
0.0431931
0.05323
0
0
0
-0.0147784
-0.0183309
0.0127135
-0.00291383
-0.0287568
0.0240045
-0.0225202
0.0146112
0.0281973
0.00683965
0
0
0
0
0
0
0
0
0
0
0
0
