209
1.15588e-14
0
0
0
0
0
0
0
0
0
0
0
0
0
0
0
0
0
0
0
0
0
0
0
0
0
0
0
0
0
0
0
0
0
0.0513294
0.00335552
0.0357241
0.0421541
0.110007
0.264606
-0.00835183
-0.197147
0
0
0
0.0153015
-0.0189293
0.0159883
0.00220449
-0.0168692
-0.0223136
-0.0101018
0.0621181
0
0
0
-0.0145419
0.00909945
-0.0111815
-0.0112976
-0.013197
0.0295402
0.015059
-0.031271
0.0265039
0.096025
0
0.00525034
0.00183547
-0.0158951
0.0172629
0.0052783
-0.00324544
-0.0005254
0.000926672
-0.00263715
0
0
0.0107604
0.00452448
-0.0242718
0.00896119
-0.00816042
-0.0159459
-0.0119061
0.011623
0.0524498
-0.0669877
0
-0.0150542
-7.01415e-05
0.00103195
0.000595676
-0.0174999
0.018654
-0.00389483
-0.0137618
-0.329446
-0.010249
0
-0.0102204
0.0315764
-0.0206545
0.021018
-0.00580031
0.00707455
-0.0229937
-0.00801186
-0.0614624
0.201078
0
0.035621
-0.0393782
0.0259699
-0.0102202
0.00825695
-0.000776289
0.00867333
0.00282238
-0.0146078
-0.0631573
0
-0.0117556
0.0240917
0.0234684
-0.0149173
0.043278
0.00783029
0.0114977
0.000921837
-0.150668
-0.254034
0
0.0194039
-0.0104648
0.0242451
-0.0217615
-0.0330417
-0.0436949
0.0125984
-0.00443121
-0.01156
0
0
-0.00353755
-0.00531684
-0.0114479
0.030216
0.00160201
-0.0041028
-0.0118322
0.032331
-0.000385814
0.00284988
0
-0.0225433
-0.0333728
0.00211811
-0.00387966
-0.00980767
-0.0275985
-0.0023078
0.062672
0
0
0
-0.00769914
0.0173667
-0.0154107
0.13593
0.132269
-0.0330746
-0.00687397
0
0
0
0
-0.16195
0.118564
0.0501993
-0.116321
0.0325652
0.00768861
-0.057357
0.0639726
0
0
0
-0.223598
0.0959416
-0.307018
0.0102632
-0.0747891
0.165631
0.385849
-0.0668994
0.235771
-0.280453
0
0
0
0
0
0
0
0
0
0
0
0
