209
4.67059e-14
0
0
0
0
0
0
0
0
0
0
0
0
0
0
0
0
0
0
0
0
0
0
0
0
0
0
0
0
0
0
0
0
0
0.154219
-0.0342861
-0.0033231
0.00468636
0.0391283
0.260016
-0.0107821
0.0788965
0
0
0
0.00370481
-0.0117858
0.00357726
0.010581
-0.00745069
-0.000993119
0.00808891
-0.0201103
0
0
0
-0.00656316
-0.00292318
-0.000118745
-0.00306664
0.0101429
0.0188226
-0.00732825
-0.0028404
0.00946763
-0.021007
0
0.0122449
-0.000212113
0.00340592
-0.00562782
0.00307238
-0.0193035
0.000767561
0.00039919
0.0805641
0
0
-0.0119913
-0.000511616
-0.0118554
0.0128812
-0.0117579
0.0134169
-0.00130869
-0.00266309
0.0299124
-0.0351363
0
-0.00149714
0.0139418
-0.0044613
0.00844981
-0.00258371
0.000383676
0.00120971
-0.00731188
-0.238646
-0.0136265
0
0.00910033
-0.000450114
-0.00135099
-0.0056718
0.00427021
0.000893902
-0.00679153
-0.00474732
0.273031
-0.101615
0
-0.00880804
-0.00484583
0.0113058
-0.000553347
-0.00600277
-0.00286969
0.00404873
0.0214491
-0.0125504
0.00303995
0
0.00616906
0.00426661
0.00987526
0.00182424
0.0238894
0.00489666
0.00215243
-0.01244
0.0205067
-0.0508868
0
0.00680203
-0.000308049
0.00567591
-0.00964794
-0.00807086
-0.0125999
0.0010292
-0.00436494
-0.0291487
0
0
-0.00404971
-0.00236706
0.001983
-0.00496953
0.000437217
-0.00512857
0.00347474
-0.00409074
0.00076381
-0.0136419
0
-0.00943032
-0.0172407
-0.0224828
-0.00837762
0.000965241
-0.0100155
0.0259624
-0.0113966
0
0
0
0.00531742
-0.0130048
0.0202145
-0.0706775
-0.151718
0.0209806
-0.0414174
0
0
0
0
0.144852
-0.0928206
-0.0254246
-0.0217766
0.0968323
-0.0068284
0.0887159
-0.066932
0
0
0
0.512607
0.0863775
-0.212214
-0.189233
-0.289555
-0.1201
0.248902
-0.155916
-0.108169
0.325955
0
0
0
0
0
0
0
0
0
0
0
0
