209
788.801
0
0
0
0
0
0
0
0
0
0
0
0
0
0
0
0
0
0
0
0
0
0
0
0
0
0
0
0
0
0
0
0
0
-0.000694423
-0.098608
-0.0375337
0.0922151
0.102739
0.000357211
-0.00337874
-0.00117738
0
0
0
-0.115245
0.0637233
-0.0676325
-0.0259169
0.150534
-0.0588982
-0.101023
-0.107708
0
0
0
0.0650105
0.0639516
0.0196368
0.0117198
-0.172366
0.00816753
0.0213968
-0.172165
0.0712159
0.108642
0
-0.0739131
0.0671255
-0.126519
0.0609434
-0.0827995
0.176373
-0.0798506
-0.19736
0.0665129
0
0
-0.134156
-0.0494892
-0.0516106
0.00673776
0.0164321
-0.0169518
0.172515
-0.125954
0.0991062
-0.0112679
0
0.164342
-0.17275
0.0804742
0.0597716
0.00587696
-0.0679723
-0.00790886
0.223842
0.00588091
-0.0102516
0
0.0363322
-0.0542969
0.114203
-0.149516
-0.0512611
-0.037481
-0.0334412
-0.0663249
-0.00437461
-0.0069817
0
-0.0226218
0.0518701
-0.0969183
-0.0214151
-0.00547288
0.0736882
0.0852778
-0.00057183
0.0368437
-0.00344666
0
-0.0966142
0.0950905
-0.00697028
0.0163781
-0.0705087
0.0846008
-0.145541
-0.079803
0.00422338
-0.000353504
0
0.0741973
0.139701
0.00313813
0.097644
0.17407
-0.171653
0.0216623
0.178001
0.0314053
0
0
-0.0212376
-0.157207
0.0287721
0.0734295
-0.074972
-0.021776
0.0894484
0.057011
-0.132975
0.0594835
0
0.0303371
0.0308074
0.00623227
-0.0408669
0.0910024
0.0379387
-0.145984
-0.0173659
0
0
0
-0.0863464
-0.0622835
0.248614
0.0797499
0.0467937
-0.0337486
0.0262617
0
0
0
0
0.0762596
0.00879036
-0.0768812
0.0179045
0.00184782
0.0424579
0.121973
0.123981
0
0
0
-0.00461412
-0.00522934
-0.00522934
-0.00522934
-0.00522934
-0.00522934
-0.00522934
-0.00522934
-0.00522934
-0.00461412
0
0
0
0
0
0
0
0
0
0
0
0
