209
-6.64304e-12
0
0
0
0
0
0
0
0
0
0
0
0
0
0
0
0
0
0
0
0
0
0
0
0
0
0
0
0
0
0
0
0
0
-0.00475288
-0.234599
0.189207
0.018869
0.0102562
0.0152504
0.247156
0.00427591
0
0
0
-0.020149
-0.0322068
0.0152265
0.0658736
0.030766
-0.0653849
0.0434812
-0.111809
0
0
0
-0.0358071
0.0549209
0.0728666
0.00929061
0.0317891
-0.0769436
0.0284642
-0.0142247
-0.131172
-0.0117417
0
0.150119
-0.127254
-0.0171348
-0.0316181
-0.110883
-0.0153581
-0.0338461
0.0689972
-0.118906
0
0
-0.137257
0.108574
-0.0475338
-0.00395835
-0.0152186
-0.00499844
0.0461927
0.0240981
0.0707239
0.0297701
0
0.084805
-0.0567225
0.0660336
0.0443214
-0.0229204
-0.010952
-0.0106819
0.0631567
0.00931555
0.0303486
0
0.0162395
0.0127925
0.0498116
-0.100854
0.0401189
0.0143786
-0.0324869
0.0252412
0.0111313
0.0260276
0
-0.0945336
0.0264568
-0.0292655
0.00473702
0.0101632
0.0298328
0.060001
0.00102401
-0.0918606
0.00919098
0
0.134063
-0.0226638
-0.00385279
0.0255279
0.00430891
0.0184992
0.038229
-0.0150205
0.0599475
0.00122365
0
-0.0605978
0.0931201
0.0245032
0.00363266
0.016556
0.0089973
-0.0922743
-0.0812532
0.0179363
0
0
0.00390125
-0.0362928
-0.036953
-0.0594962
0.0212915
-0.0142498
0.0954301
-0.0540032
-0.0152847
0.131816
0
-0.113827
-0.0198064
-0.13137
0.397594
-0.496149
-0.103136
0.116734
0.115487
0
0
0
0.0790421
-0.0367818
0.0477634
0.0244244
0.00785397
-0.0211387
-0.066655
0
0
0
0
0.0677624
0.0662706
-0.0585945
-0.0446726
-0.0419915
-0.114674
-0.0231468
-0.0133737
0
0
0
-0.00775551
0.015056
-0.00134575
-0.000460894
0.00736416
-0.00529928
0.000780174
0.002535
0.00673116
-0.0209865
0
0
0
0
0
0
0
0
0
0
0
0
