209
12548.2
0
0
0
0
0
0
0
0
0
0
0
0
0
0
0
0
0
0
0
0
0
0
0
0
0
0
0
0
0
0
0
0
0
1.87767e-05
0.0026663
-0.0373077
-0.0204998
0.0476099
-0.000768638
-0.0148368
-0.00012827
0
0
0
0.112296
0.0216604
-0.0602985
-0.0262407
0.00934781
-0.116602
-0.00541568
0.0207306
0
0
0
-0.0692028
0.0513983
0.13425
0.0379639
0.00159068
-0.084246
-0.00811587
0.0606487
0.00236646
-0.0267456
0
0.0804682
0.0991069
0.114316
0.0347184
0.053217
0.0781691
-0.0440452
0.0177345
-0.0173885
0
0
-0.0298221
-0.0193042
0.0435221
0.230431
0.316709
0.269455
-0.0248166
-0.028548
-0.105775
-0.0460062
0
0.0704842
-0.0551376
0.0369159
-0.118743
0.0124812
0.0672213
-0.0601207
-0.0606254
-0.00821777
-0.0418566
0
0.203411
0.151812
0.197056
0.11688
0.194414
0.0926803
-0.101901
-0.106794
-0.0178612
-0.0285058
0
0.129919
-0.0144199
-0.197383
-0.201594
-0.0936294
-0.137719
-0.270989
-0.128315
-0.0411456
-0.0140725
0
0.141189
-0.0125862
-0.0955412
-0.0438435
0.0330663
0.0247315
-0.0937526
-0.102636
-0.0607005
-0.00144333
0
-0.0724962
-0.0433963
0.0132882
-0.0656332
-0.0205116
-0.0124579
0.0314253
0.0260004
-0.079618
0
0
-0.0792127
-0.0991548
0.021171
-0.0457146
-0.115371
0.113277
0.187445
0.0710406
-0.101211
-0.0726214
0
-0.0240636
-0.0554727
-0.035086
-0.0243977
-0.050927
0.0441655
0.0295096
0.000550052
0
0
0
-0.017361
0.00315716
-0.010803
-0.0529672
0.0143815
0.0382482
0.0234855
0
0
0
0
-0.0290139
-0.017857
-0.0122543
-0.0115169
-0.0262744
0.0249555
0.0172262
0.0170949
0
0
0
-0.0175542
-0.0198948
-0.0198948
-0.0198948
-0.0198948
-0.0198948
-0.0198948
-0.0198948
-0.0198948
-0.0175542
0
0
0
0
0
0
0
0
0
0
0
0
