209
149.174
0
0
0
0
0
0
0
0
0
0
0
0
0
0
0
0
0
0
0
0
0
0
0
0
0
0
0
0
0
0
0
0
0
-0.00163044
-0.231522
0.0553305
-0.0961052
-0.0865213
-0.00843772
-0.160381
-0.00110837
0
0
0
-0.148214
0.2275
-0.0727301
-0.0450936
-0.0311546
-0.122962
0.10374
-0.00715086
0
0
0
-0.00965471
-0.139902
0.117764
-0.0497465
-0.0395869
-0.0289466
0.0340517
-0.0698302
-0.0493198
-0.00806574
0
0.0451257
0.164899
0.0422621
-0.0901465
0.065386
-0.128244
0.0433168
-0.0482618
0.00383039
0
0
0.0835096
-0.0813781
-0.0855585
0.0238587
0.00488811
-0.0431036
-0.0787874
0.022961
-0.0470831
-0.0829957
0
-0.18029
-0.0418492
0.0292185
-0.00165051
0.0291818
-0.0323794
0.00644015
-0.10774
-0.00256143
-0.0755098
0
0.112211
-0.111616
-0.0327195
0.119114
-0.172662
0.153898
-0.178263
0.181338
-0.0322219
-0.0514248
0
-0.090272
0.215689
-0.0404221
0.00703041
0.0202322
-0.016462
0.089919
-0.16464
-0.155369
-0.0253869
0
0.0523072
-0.143209
0.145746
-0.0520908
0.0869737
0.134117
0.0960911
0.0662642
-0.0727729
-0.00260379
0
-0.10375
0.0438822
-0.135286
0.0360066
-0.0289918
-0.0538803
-0.0598089
0.0846898
-0.0356477
0
0
0.0220717
-0.0537377
0.0353071
0.139117
-0.0509312
0.0252835
-0.0888654
0.117859
-0.0401016
0.0176653
0
0.0885124
0.120137
-0.172708
0.0859771
0.0122761
-0.113583
-0.0848071
-0.00719139
0
0
0
-0.0112026
-0.0533611
0.0128185
0.0447731
-0.0278832
-0.00546124
0.0903802
0
0
0
0
-0.0362469
-0.00417522
0.0421864
0.0660531
0.0851477
0.0799507
0.0385855
0.0374989
0
0
0
-0.00663776
-0.00752279
-0.00752279
-0.00752279
-0.00752279
-0.00752279
-0.00752279
-0.00752279
-0.00752279
-0.00663776
0
0
0
0
0
0
0
0
0
0
0
0
