209
30.5993
0
0
0
0
0
0
0
0
0
0
0
0
0
0
0
0
0
0
0
0
0
0
0
0
0
0
0
0
0
0
0
0
0
0.00126238
0.179258
-0.143519
0.103933
0.076382
-0.00121359
-0.0249328
-0.00038399
0
0
0
0.0800509
-0.102309
0.0812832
-0.0312822
0.0447408
0.114523
-0.0811
-0.130249
0
0
0
0.0096744
0.0787752
-0.034721
0.0695205
-0.0515322
0.0610296
-0.0806662
0.193289
-0.0529816
0.0517891
0
0.0721373
-0.102319
0.0958361
0.0490745
-0.134253
0.0758228
-0.0450663
-0.123295
0.0697394
0
0
0.0519272
0.040243
0.0639524
-0.0873775
0.137571
-0.0846821
0.0677293
0.0753444
0.0588047
-0.0408353
0
-0.1485
-0.0792846
0.0277135
-0.057823
-0.0174018
0.0375401
-0.0244118
-0.17489
0.00220972
-0.0371521
0
0.101644
0.145416
-0.211493
0.147129
-0.00966582
-0.0522752
-0.00892011
0.138571
-0.0158537
-0.0253019
0
-0.107972
0.00634451
-8.95556e-06
-0.0936042
0.112579
-0.0433352
-0.0478256
0.00814674
-0.111896
-0.0124908
0
0.0789354
-0.216156
0.150358
-0.101019
-0.0747803
-0.0351766
0.0821275
0.0340296
-0.0047539
-0.00128111
0
-0.00269845
0.249686
-0.179598
0.19731
-0.0107552
-0.0408355
-0.0310397
0.0366471
0.0985163
0
0
-0.0612138
0.0180147
-0.00406223
-0.00285816
0.0147096
0.0159664
-0.0208718
0.0342149
-0.210157
0.134377
0
-0.0440023
-0.00989996
0.0611663
-0.126773
-0.0651865
0.0778987
0.0371371
0.017242
0
0
0
0.110901
-0.154991
0.12094
0.0637894
0.036085
-0.0326149
-0.0873647
0
0
0
0
0.0528148
-0.00491318
-0.0772352
0.005319
-0.00642643
-0.0739817
-0.00656748
-0.00487243
0
0
0
0.00915355
0.010374
0.010374
0.010374
0.010374
0.010374
0.010374
0.010374
0.010374
0.00915355
0
0
0
0
0
0
0
0
0
0
0
0
