209
97.9457
0
0
0
0
0
0
0
0
0
0
0
0
0
0
0
0
0
0
0
0
0
0
0
0
0
0
0
0
0
0
0
0
0
0.000646883
0.0918574
0.115176
-0.01512
0.0446786
0.012941
0.249161
0.00208321
0
0
0
-0.0389009
-0.15439
0.0213863
-0.0282945
-0.00548872
0.0462272
-0.0172652
0.24156
0
0
0
0.0797871
-0.031505
0.00134503
-0.0246935
-0.0239548
0.0504983
-0.0534812
0.017939
-0.0605701
-0.0990513
0
0.236561
0.0877945
-0.0468858
-0.0204051
0.136503
-0.119143
-0.231519
0.032115
-0.0192125
0
0
-0.238259
-0.00915189
-0.033779
-0.0271418
-0.0653929
0.120882
0.147908
-0.0457722
0.0328715
0.040835
0
0.0462705
-0.0703217
0.0920836
0.0068101
0.0519468
-0.0613805
-0.0734996
-0.138561
0.00371432
0.0371518
0
0.02698
-0.0865522
-0.0331963
0.0325009
-0.175883
0.095817
-0.00767556
0.0870933
0.0158536
0.0253017
0
0.0368592
0.0887034
0.0441236
-0.0946147
0.0803773
-0.153529
-0.013718
0.0514547
-0.0332529
0.0124907
0
0.00414621
-0.100055
-0.0172876
0.0468612
-0.0623033
0.00554522
0.00903359
-0.013551
0.000259987
0.0012811
0
-0.128594
0.145985
-0.0949282
0.134417
0.174853
0.0571095
0.141262
0.0744265
-0.030988
0
0
0.0127052
0.042611
0.00263829
0.0471608
-0.115731
-0.0362459
-0.0636584
-0.0261417
0.074772
-0.152565
0
-0.0259048
-0.250053
0.0772271
0.0454051
0.128727
-0.0354782
-0.116844
-0.0831163
0
0
0
-0.0819889
0.236513
-0.0637691
0.0064369
0.0154141
-0.0117149
-0.0368845
0
0
0
0
0.0518933
0.0257915
-0.00770389
-0.0212214
-0.0281482
-0.0304483
0.000536127
0.00132117
0
0
0
-0.00747535
-0.00847206
-0.00847206
-0.00847206
-0.00847206
-0.00847206
-0.00847206
-0.00847206
-0.00847206
-0.00747535
0
0
0
0
0
0
0
0
0
0
0
0
