209
123.544
0
0
0
0
0
0
0
0
0
0
0
0
0
0
0
0
0
0
0
0
0
0
0
0
0
0
0
0
0
0
0
0
0
-0.00101636
-0.144323
-0.0512983
0.2478
-0.043264
0.00514282
0.0972702
0.00061742
0
0
0
-0.0778421
0.0944293
0.0922319
-0.22758
0.0684558
0.0705073
-0.0685686
0.0731065
0
0
0
0.074458
-0.0703258
0.0947263
0.0119824
-0.0570556
0.0765334
-0.155344
0.14644
0.0495144
-0.0706133
0
-0.0247853
0.00941279
-0.0882503
0.0484008
0.168337
-0.125428
0.0177866
0.0744285
-0.0604603
0
0
0.0211744
-0.167828
0.0586595
0.0854387
-0.0582903
0.0465647
0.160188
-0.0335591
0.0252139
0.0466396
0
-0.143068
0.13572
0.00478925
-0.0298454
0.0862586
0.0821171
-0.107195
-0.0173647
0.00246741
0.0424329
0
0.182358
-0.0465132
0.0977023
-0.144668
-0.121308
-0.0101635
-0.108627
0.0467174
0.0181071
0.0288983
0
-0.113195
-0.0743961
-0.066333
0.0400258
0.0179063
-0.00814881
-0.0135162
0.051872
-0.0843448
0.0142662
0
0.0482855
0.192209
-0.153528
0.00176641
-0.0904917
-0.00125258
0.0523504
0.00384674
0.0671855
0.0014632
0
0.120812
-0.0938713
0.0776366
0.053764
-0.0266043
-0.13888
-0.0478017
-0.170685
0.0773872
0
0
0.0342778
0.0234672
-0.0927972
0.00728197
-0.0211618
0.0388384
-0.0521289
0.166807
-0.19091
0.0964877
0
-0.2247
0.0497127
0.142667
-0.0267726
0.0278885
0.0191372
0.0210646
0.0679829
0
0
0
0.0941489
-0.096352
-0.179894
-0.0143125
-0.0179411
-0.000192
0.0218207
0
0
0
0
-0.0190634
-0.00259011
0.020538
-0.00839602
1.88666e-05
0.0167955
-0.00401774
-0.0045598
0
0
0
-0.00335376
-0.00380093
-0.00380093
-0.00380093
-0.00380093
-0.00380093
-0.00380093
-0.00380093
-0.00380093
-0.00335376
0
0
0
0
0
0
0
0
0
0
0
0
