209
6685.55
0
0
0
0
0
0
0
0
0
0
0
0
0
0
0
0
0
0
0
0
0
0
0
0
0
0
0
0
0
0
0
0
0
8.55381e-05
0.0121464
0.0340581
-0.0067104
0.033714
-0.00152279
-0.028452
-0.000140697
0
0
0
0.024379
0.0495173
0.113877
-0.0317034
0.0804199
0.0147193
-0.052631
0.0285917
0
0
0
-0.0931176
-0.00911554
0.147405
0.0396899
0.100726
-0.0660789
-0.143248
0.0759127
0.0505442
-0.00763682
0
0.0316502
0.0142279
-0.0606275
-0.0159772
-0.0255559
-0.0115294
-0.168904
0.098492
-0.00038426
0
0
0.0891146
-0.0494409
-0.0412137
-0.0493514
-0.147835
0.00954964
0.0478035
-0.0778415
-0.0174355
-0.0573168
0
-0.034875
0.0874376
0.0512525
0.197598
0.003584
0.0236001
0.0233429
-0.111226
-0.00107812
-0.0521471
0
0.0150657
-0.0154687
-0.110589
0.0751773
0.0667042
-0.0476742
0.0679934
-0.157656
-0.0222524
-0.035514
0
0.0501496
0.049207
0.0344986
0.106794
0.113327
-0.113427
0.135623
-0.0361494
0.0131364
-0.0175322
0
-0.0157352
0.0976528
-0.0767668
-0.110357
-0.133426
-0.0561129
-0.115419
-0.00579813
-0.046055
-0.00179818
0
-0.147815
0.0123934
-0.0914978
-0.1086
-0.0635672
0.017381
-0.303055
0.0542662
-0.0152452
0
0
-0.225884
-0.0575761
0.115178
-0.00210761
0.0308705
-0.0269509
0.214524
0.0631975
0.0730706
0.0292073
0
-0.0338286
0.109131
0.127704
-0.0219921
-0.0176237
-0.00551542
0.0232658
-0.0281198
0
0
0
0.0767388
0.173689
0.19647
0.0400669
0.0261015
0.0561248
0.0329785
0
0
0
0
0.130018
0.16083
0.189282
0.134969
0.120601
0.0307518
0.00119281
0.000525973
0
0
0
-0.069096
-0.0783088
-0.0783088
-0.0783088
-0.0783088
-0.0783088
-0.0783088
-0.0783088
-0.0783088
-0.069096
0
0
0
0
0
0
0
0
0
0
0
0
