209
-5.92251e-18
0
0
0
0
0
0
0
0
0
0
0
0
0
0
0
0
0
0
0
0
0
0
0
0
0
0
0
0
0
0
0
0
0
0.277613
0.0149155
0.0113474
0.00178049
-0.0303397
-0.0696435
0.0174625
-0.17123
0
0
0
0.00407806
-0.00573556
-0.00123064
0.000813789
0.00193547
-0.0125085
-1.5502e-05
0.00553054
0
0
0
-0.00335478
0.00540529
-0.00137094
-0.00620539
-0.00465067
-0.00201318
0.00453277
-0.00473027
-0.0118932
0.0466967
0
0.002927
-0.00283065
-0.00719464
0.00550196
-0.0099215
0.00526307
0.00255677
0.0181874
-0.0309979
0
0
0.00254123
0.0133283
-0.00668313
0.000116441
-0.00251674
-0.00573868
-0.00305007
-0.00785393
-0.00168793
0.00218881
0
-0.00736386
-0.00838271
0.000174336
-0.00129212
0.0010873
0.00669255
0.00293039
0.0129797
0.106665
0.045849
0
0.00161559
0.0140758
-0.00920511
0.00825962
-0.00162786
-0.000532704
-0.0125853
-0.00975852
-0.147867
0.12824
0
0.000719328
-0.0213141
0.00828671
-0.00587494
0.00425531
0.00537465
0.0110553
0.00767988
-0.0385751
-0.155723
0
0.00502662
0.00150954
0.00528046
0.00203814
-0.000565639
0.00434529
-0.00231923
-0.00418944
-0.0640062
0.558926
0
-0.00403029
0.0026595
0.00717686
-0.00854902
-0.0036416
-0.0104848
-0.000448476
-0.00867176
0.0157057
0
0
0.00320351
-0.00187387
-0.00506441
0.0140719
-0.00400184
0.00378354
-0.00266204
0.0100655
-0.00212815
-0.00160741
0
-0.0081986
-0.013616
0.00168561
0.00216905
0.00731814
0.00311899
-0.016612
0.00611929
0
0
0
0.00370864
-0.00073886
0.00683262
0.00207964
0.0258177
0.00603715
0.0121899
0
0
0
0
-0.0418203
0.0551098
0.00191128
-0.0133665
-0.0133092
0.0269446
-0.02373
0.0136364
0
0
0
0.166322
-0.396924
0.0311342
0.171251
0.0221868
0.0225123
0.23881
-0.42294
0.154134
0.0374903
0
0
0
0
0
0
0
0
0
0
0
0
