209
-1.67881e-14
0
0
0
0
0
0
0
0
0
0
0
0
0
0
0
0
0
0
0
0
0
0
0
0
0
0
0
0
0
0
0
0
0
0.128186
-0.0359689
0.00341625
-0.00365851
0.0946787
-0.160948
-0.0163427
0.00276564
0
0
0
-0.00878229
0.0110776
0.00133178
-0.00267509
-0.00379662
0.0133763
0.00318146
0.0143017
0
0
0
0.0052086
-0.00339163
0.00113185
0.00829929
0.00818252
-0.00390263
-0.0065737
0.00503515
0.0244225
-0.111066
0
0.00414545
-0.000673338
0.00890823
-0.0096377
0.0110694
0.00260386
-0.00144626
-0.0310091
0.0635805
0
0
-0.0054538
-0.0192626
0.00844516
-0.00376341
0.00456245
0.00563568
0.00175235
0.0134593
-0.028658
0.0185529
0
0.0143878
0.0101217
0.00272805
0.00101666
-0.00496038
-0.0143648
-0.0126992
-0.0123679
0.167485
-0.0893168
0
-0.00727377
-0.0252502
0.0186727
-0.011026
-0.003223
0.00520846
0.0228918
0.0190329
-0.128181
-0.374101
0
0.00809755
0.0435621
-0.0198164
0.0129673
-0.00248665
-0.0150157
-0.0119869
-0.0213092
0.0721542
0.368821
0
-0.0102077
-0.00101435
0.000490812
0.00322394
0.00645688
0.00201725
0.0146638
0.00522491
0.278194
-0.0780945
0
0.00779629
-0.00596536
-0.0119219
0.01221
0.00863829
0.00276601
0.00193475
0.0191787
-0.0450023
0
0
-0.00500036
0.00323203
0.00027695
-0.0246469
0.0183833
-0.0118769
0.00568675
-0.0160866
0.00201158
-0.0113796
0
0.00520604
0.0257998
0.00799074
-0.0315811
-0.0412629
0.0285452
0.0440258
0.000330093
0
0
0
-0.0102415
0.0156971
-0.0259889
0.109185
-0.0925069
0.0272203
-0.0106829
0
0
0
0
0.0458416
-0.0760656
-0.0132905
-0.00103719
-0.0112184
-0.0138395
-0.0364387
-0.00508485
0
0
0
-0.147562
0.21091
-0.0616959
0.376599
-0.116278
-0.0597084
0.333736
-0.274322
-0.149192
-0.147158
0
0
0
0
0
0
0
0
0
0
0
0
