209
1195.58
0
0
0
0
0
0
0
0
0
0
0
0
0
0
0
0
0
0
0
0
0
0
0
0
0
0
0
0
0
0
0
0
0
-0.000342676
-0.04866
-0.078459
0.0203004
0.101927
0.0103249
0.193278
0.000997994
0
0
0
-0.171446
0.104482
0.0497398
-0.0320001
0.0826588
-0.0596258
0.00410363
0.037368
0
0
0
-0.142487
0.127844
0.00274216
0.0856134
-0.012518
0.0174234
0.160492
0.0021446
0.0626591
-0.0252011
0
0.108967
-0.0732339
-0.0147852
0.0617205
0.157681
-0.178332
-0.060569
-0.003331
-0.0185031
0
0
0.0330789
0.104093
-0.0296207
0.051329
-0.0819117
-0.0028385
-0.0727459
0.105171
0.0362273
0.0495938
0
-0.0654953
-0.0168772
-0.0977924
-0.0750476
-0.0249429
0.0931323
-0.0351086
0.000702347
0.00336719
0.0451207
0
0.136448
0.141308
-0.0822396
0.104671
-0.194441
-0.0586963
0.253925
0.0384169
0.0192541
0.0307287
0
0.00393998
-0.00782734
-0.0707448
-0.0496936
0.0423186
0.0280604
-0.121502
-0.0832165
-0.106111
0.0151699
0
-0.0488685
0.018939
0.191493
-0.182281
-0.135828
0.038905
-0.127937
-0.0953568
0.073176
0.00155589
0
-0.0547327
-0.185743
0.0719181
-0.150513
0.142597
-0.0119399
0.0379555
-0.0930903
0.102157
0
0
0.0950621
-0.0572795
0.0108099
-0.0934191
0.193824
-0.0291683
0.093187
-0.00894157
0.159001
0.109621
0
0.12009
0.107621
-0.125066
-0.0135432
0.109316
0.102591
-0.0937259
0.015081
0
0
0
-0.0405763
0.0123073
0.117683
-0.004884
0.0357523
-0.0107449
-0.0281207
0
0
0
0
0.0175944
-0.0311053
-0.0965128
-0.0466067
-0.0654536
-0.0147013
0.0449517
0.0464847
0
0
0
0.00276117
0.00312933
0.00312933
0.00312933
0.00312933
0.00312933
0.00312933
0.00312933
0.00312933
0.00276117
0
0
0
0
0
0
0
0
0
0
0
0
