209
4161.2
0
0
0
0
0
0
0
0
0
0
0
0
0
0
0
0
0
0
0
0
0
0
0
0
0
0
0
0
0
0
0
0
0
-0.000249896
-0.0354852
-0.0719067
-0.0271449
0.0482952
-0.00220663
-0.0391325
4.85246e-05
0
0
0
0.0885995
0.0775888
0.00744417
0.146559
0.110324
-0.192589
-0.0793401
0.0196753
0
0
0
0.0135678
-0.238513
-0.0804688
0.0983373
-0.093079
-0.00476185
-0.122031
0.234656
0.0833445
0.0557847
0
0.0268529
0.116886
-0.127301
-0.0289257
0.12898
0.0592327
0.0906241
0.105995
0.0399562
0
0
-0.0938496
0.0715201
0.00382479
-0.0697376
0.076415
0.0276505
0.0779673
0.035603
0.00107672
-0.0499027
0
-0.0359172
-0.174952
-0.116826
-0.0196392
0.0532562
-0.0530553
-0.0266476
0.115354
-0.000786504
-0.0454017
0
0.0384197
0.0230374
0.0345408
-0.0619895
0.0489281
0.0739321
0.0501719
-0.00378151
-0.019374
-0.0309201
0
0.00344959
-0.0409664
0.120159
0.129587
-0.131279
0.0249175
0.0143196
-0.140418
-0.0388873
-0.0152643
0
0.056447
0.122422
0.0582566
0.0558067
-0.0567103
-0.223384
0.0266508
-0.10939
-0.0223363
-0.00156557
0
-0.0462486
0.0662352
-0.00267588
-0.0161269
0.0947997
-0.024443
-0.00734681
-0.0493175
0.0359043
0
0
-0.0719146
-0.0187532
0.278693
-0.0656968
0.0393385
0.130426
-0.249374
0.0470767
0.137233
0.0973201
0
0.0927786
-0.109535
-0.115708
-0.0550121
-0.068272
0.0165918
-0.148927
-0.00149679
0
0
0
0.1767
0.0372165
-0.0445892
0.0368739
0.026083
0.0174271
-0.107633
0
0
0
0
0.034995
0.0295691
0.0173992
0.0632535
0.0512264
-0.103773
-0.0940366
-0.0937514
0
0
0
0.0270399
0.0306453
0.0306453
0.0306453
0.0306453
0.0306453
0.0306453
0.0306453
0.0306453
0.0270399
0
0
0
0
0
0
0
0
0
0
0
0
