209
-3.53029e-13
0
0
0
0
0
0
0
0
0
0
0
0
0
0
0
0
0
0
0
0
0
0
0
0
0
0
0
0
0
0
0
0
0
0.0351776
-0.0230174
-0.0159271
-0.0365615
0.014586
0.0252943
0.0138973
0.0363781
0
0
0
-0.00271936
-0.0148716
-0.00148206
0.0257643
-0.00161237
0.016945
0.023829
-0.119165
0
0
0
-0.00209657
-0.016344
0.0095632
0.00419743
0.0300501
0.0228225
-0.0223957
0.0124969
0.00272546
-0.0431348
0
0.0177469
0.00229348
0.0213364
-0.0296222
0.0072791
-0.0436974
-0.00646426
-0.00600953
0.0838099
0
0
-0.0311716
-0.012534
0.00879063
0.0215923
-0.0255922
0.0398088
0.00403814
-0.00937362
-0.0503286
-0.0493451
0
0.0092603
0.0341651
-0.00880666
0.0185078
0.00680596
-0.0107745
0.00546509
-0.0216898
-0.0241941
0.0408729
0
0.0272795
-0.0161878
-0.000133371
-0.0165843
0.0132576
-0.00525502
-0.00237662
0.0216128
0.142834
0.229043
0
-0.0493047
0.0177469
0.00904077
0.00979221
-0.0257735
-0.0100912
1.92983e-05
0.0489968
0.0285206
-0.171092
0
0.0307595
0.00860761
0.00419737
0.0171403
0.0170472
0.00727194
-0.00240552
-0.0539403
-0.0239389
-0.0472708
0
0.00611766
5.97399e-05
0.00184011
-0.0200517
0.0101363
-0.00731263
-0.00782497
-0.00442895
0.00794951
0
0
-0.0121133
0.00609675
0.00325176
-0.0209929
-0.0113366
-0.00246481
0.0109878
-0.0256917
0.00200135
-0.0139447
0
-0.0312255
-0.0439646
-0.0838279
-0.0352223
0.0526643
0.0428519
-0.00345125
-0.0715303
0
0
0
0.0415462
-0.0639958
0.0762704
0.18809
-0.185289
-0.00308353
0.232004
0
0
0
0
0.134275
-0.12418
0.0851202
0.191246
-0.365208
-0.00395704
-0.52743
0.2974
0
0
0
0.0616731
0.16109
0.0173059
0.0783758
0.108488
-0.153414
-0.0207612
-0.118928
-0.0590082
-0.0765732
0
0
0
0
0
0
0
0
0
0
0
0
