209
2.48783e-12
0
0
0
0
0
0
0
0
0
0
0
0
0
0
0
0
0
0
0
0
0
0
0
0
0
0
0
0
0
0
0
0
0
-0.0123359
0.13895
-0.0433376
0.0216366
-0.197877
-0.0650051
-0.00112093
0.00146742
0
0
0
-0.0147815
-0.000276898
0.018206
0.100498
-0.0569056
-0.00541132
0.0623926
0.00834055
0
0
0
-0.0571376
0.0165966
0.0324218
0.00173946
0.0734718
0.121324
-0.0680225
-0.00375978
0.170669
0.0228019
0
0.0632096
-0.0729811
0.0167004
-0.0093275
0.0219251
-0.132918
0.0498018
-0.140094
-0.18564
0
0
-0.0860997
0.00212092
-0.0113763
0.00404064
-0.033119
0.097106
-0.00962317
0.0130903
0.0249138
-0.120956
0
0.0191413
0.0642919
0.00210251
0.0587245
-0.0270584
-0.0238571
-0.0110924
-0.105457
-0.000123863
-0.0117158
0
0.0511934
-0.0619879
0.0425737
-0.0722817
0.0309288
-0.00924539
0.018819
0.0604845
-0.0109207
-0.0408157
0
-0.0416557
0.0456277
0.0343455
0.0498276
-0.0464766
-0.0285976
-0.0233558
0.0249436
0.136161
-0.0139803
0
0.0272941
-0.016815
-0.0801129
0.0209371
0.0971
0.0332211
0.0517525
-0.0431436
-0.0182577
0.00112745
0
-0.0296692
0.025032
0.00855587
-0.0659561
0.0481468
-0.0102
0.0177933
0.124797
0.201242
0
0
6.87047e-05
0.0045433
-0.00446169
-0.0596616
-0.014035
-0.0580803
0.0252686
-0.0801201
-0.00918034
-0.167059
0
0.0137329
0.00188217
-0.0806711
-0.152496
-0.106823
0.100289
-0.260356
0.598035
0
0
0
0.0592369
-0.0707626
0.0483003
0.038041
-0.01002
0.0777044
0.0350145
0
0
0
0
0.0136121
0.0578278
0.0159201
0.0444943
0.0458932
-0.0384035
0.0770287
0.136346
0
0
0
0.00988042
0.00323603
0.00146412
-0.0126774
-0.0708634
0.0310493
0.0160673
0.0142011
-0.0178511
0.0302103
0
0
0
0
0
0
0
0
0
0
0
0
