209
34089
0
0
0
0
0
0
0
0
0
0
0
0
0
0
0
0
0
0
0
0
0
0
0
0
0
0
0
0
0
0
0
0
0
-4.90792e-05
-0.00696925
0.0237342
0.0112091
0.00965345
0.00160169
0.0284014
-3.55781e-05
0
0
0
0.0479927
0.0779352
0.0324465
0.0302435
0.0755585
0.0262037
0.0112827
0.0229494
0
0
0
-0.0269832
-0.118491
0.0028871
0.0426127
0.0710954
0.109042
-0.172559
-0.107241
-0.0772357
-0.0244149
0
0.0964834
-0.0418891
0.0613914
-0.0872414
-0.00263307
0.179882
-0.10993
-0.0380763
-0.0173977
0
0
0.270502
0.184985
0.00281801
-0.1019
0.0688226
0.251659
-0.0170274
0.0121732
-0.000193009
0.00196104
0
0.0450328
0.0989265
0.134813
-0.126474
0.000781907
0.0279031
-0.135435
0.0368318
0.000391056
0.00178416
0
-0.0602495
0.0615865
0.106239
-0.146076
-0.0741171
0.0510005
-0.241574
0.0583258
0.000761345
0.00121508
0
0.0584387
0.150897
0.180077
-0.0891329
0.0462711
0.182802
-0.156211
0.141818
0.00678959
0.000599848
0
0.0378767
0.111324
0.109393
-0.159093
-0.0202581
0.158622
-0.233413
0.0906827
0.00300086
6.15229e-05
0
0.0910553
0.0944663
0.081824
-0.106096
0.00924262
0.0778893
-0.148548
0.0614173
0.00198446
0
0
0.108008
0.146346
0.031661
0.037709
0.118492
-0.0179963
-0.199044
-0.0521704
0.00975215
0.00476909
0
0.0213644
0.0677725
0.0263562
-0.00800187
0.0263003
0.00848678
-0.0500472
0.00175467
0
0
0
0.0340207
0.0456961
0.0478156
0.00286992
0.00321081
-0.00715587
-0.0386609
0
0
0
0
0.0340049
0.0244711
0.012991
-0.010639
-0.0116356
-0.0366754
-0.0258355
-0.0255664
0
0
0
-0.0118009
-0.0133744
-0.0133744
-0.0133744
-0.0133744
-0.0133744
-0.0133744
-0.0133744
-0.0133744
-0.0118009
0
0
0
0
0
0
0
0
0
0
0
0
