209
16920.1
0
0
0
0
0
0
0
0
0
0
0
0
0
0
0
0
0
0
0
0
0
0
0
0
0
0
0
0
0
0
0
0
0
2.50276e-05
0.00355392
-0.0236586
-0.000285507
-0.0430193
0.00198156
0.0372601
0.000211558
0
0
0
-0.0411167
-0.0606931
0.0386828
0.142936
0.121392
0.169479
0.177337
0.03773
0
0
0
-0.154214
-0.180957
-0.0795038
0.107021
0.0850836
-0.028429
0.0652778
-0.133716
-0.108667
-0.0526488
0
-0.0213157
-0.0266754
0.0114563
0.00829199
0.0743442
0.0450914
0.261241
-0.0376674
-0.0341142
0
0
0.141174
-0.0489134
-0.158589
-7.24123e-06
-0.0294911
0.0390482
0.215778
-0.0862886
-0.0221119
0.020369
0
0.054342
-0.100695
-0.0776899
-0.0301967
0.13562
0.035181
0.0662865
-0.0275132
-0.000986137
0.0185318
0
0.0958568
0.0560591
0.048524
0.0368652
0.164938
0.0122805
0.00489405
0.0410003
0.00790797
0.0126208
0
0.0426505
0.0564774
-0.0404136
-0.0201155
0.297884
-0.116523
0.0376492
0.149431
0.0365312
0.00623052
0
-0.0510569
0.0330585
-0.00414932
-0.135843
0.138863
-0.23702
-0.0423264
0.0944176
0.0299244
0.000639028
0
-0.154032
0.0490392
0.0111342
-0.0656112
0.0257938
-0.279494
-0.017703
0.0627242
0.0409743
0
0
-0.155197
-0.088932
-0.0637217
-0.0313424
-0.094063
-0.0890575
-0.0766214
0.0955031
0.0954491
0.0444964
0
-0.0329108
0.0378128
0.00268124
0.0512503
0.0484872
-0.00803957
-0.00894516
0.015075
0
0
0
-0.0456925
-0.0242792
-0.0446942
-0.0305129
-0.0270462
-0.0442024
-0.0252446
0
0
0
0
-0.0713455
-0.088547
-0.101057
-0.101037
-0.0861556
-0.0256357
-0.0112687
-0.0109755
0
0
0
0.00945919
0.0107204
0.0107204
0.0107204
0.0107204
0.0107204
0.0107204
0.0107204
0.0107204
0.00945919
0
0
0
0
0
0
0
0
0
0
0
0
