209
5.63526e-12
0
0
0
0
0
0
0
0
0
0
0
0
0
0
0
0
0
0
0
0
0
0
0
0
0
0
0
0
0
0
0
0
0
0.0027302
-0.030847
-0.195376
-0.0543436
-0.105373
-0.0214796
0.131186
0.0061384
0
0
0
0.0284206
-0.0795303
-0.0234543
0.027464
0.0113056
0.0671247
-0.0572336
0.121326
0
0
0
-0.0367106
0.0485785
0.027224
-0.0625784
0.093062
-0.0442128
-0.0982781
0.036227
0.193118
-0.0454044
0
0.0167795
-0.0171106
-0.060196
0.025353
-0.173357
-0.023983
0.157921
0.0477831
-0.0754025
0
0
-0.0135629
0.0500259
-0.0279413
0.0510659
-0.0288366
0.0691589
-0.11651
-0.170352
0.00489746
-0.0628416
0
-0.0699304
0.0340302
-0.0195862
-0.115581
0.0877359
-0.0975445
0.0371107
0.0438816
0.00101433
-0.0489375
0
0.0499667
-0.0658997
0.00169779
-0.013212
-0.0677738
0.0684651
0.026756
-0.115826
-0.0247927
-0.0430171
0
-0.0925647
0.0481916
-0.0470307
-0.0410026
-0.0344316
0.0285428
-0.0613182
0.401631
-0.048522
-0.0194353
0
0.0491035
-0.0996342
0.0661353
0.0351607
0.130187
0.0265125
-0.0626022
-0.420968
-0.0870501
-0.00378676
0
-0.00996587
0.0408639
-0.0716345
0.108449
-0.0766451
0.0428037
0.0625058
0.0246613
0.0916936
0
0
0.0647939
-0.0962141
0.058451
-0.00045992
0.0404505
0.0086477
-0.0529866
0.0609733
0.114421
0.117797
0
-0.00549992
0.120919
0.0252898
0.0368973
-0.00319591
-0.089355
0.112363
-0.115267
0
0
0
0.0251798
0.0607367
0.0362382
0.0983811
-0.0573171
-0.0603236
0.046672
0
0
0
0
-0.0178779
-0.0755374
-0.0303885
0.0830786
0.157826
0.0814757
0.0478559
0.000466893
0
0
0
-0.0292201
0.0108313
-0.0141683
0.00821884
-0.00189443
0.00321542
0.0177179
0.00910449
0.0246038
-0.0360929
0
0
0
0
0
0
0
0
0
0
0
0
