209
2.19651e-12
0
0
0
0
0
0
0
0
0
0
0
0
0
0
0
0
0
0
0
0
0
0
0
0
0
0
0
0
0
0
0
0
0
-0.0121662
0.107513
0.104849
-0.0651602
0.071237
0.00671213
0.133035
-0.00129944
0
0
0
-0.00763317
0.0336483
-0.0430159
0.0478895
-0.0267203
0.0668262
-0.0566449
-0.0148013
0
0
0
-0.0144158
0.00936247
0.0529261
0.0535924
-0.046277
-0.00582139
0.015169
-0.00993689
0.106145
-0.020339
0
-0.0370572
-0.00949549
-0.0159242
-0.00207015
0.00516124
0.0194826
-0.00305353
-0.104881
-0.0825945
0
0
0.0275621
-0.0159171
0.082046
-0.0546285
-0.00362575
0.00138249
-0.0402603
0.0050553
-0.0981213
0.227615
0
-0.0160091
0.00451045
-0.00820884
-0.0160364
-0.0142764
-0.0395058
0.0198684
-0.0693368
-0.00971497
0.00586827
0
0.0607716
-0.011082
0.00560344
-0.0203188
0.00566752
-0.0242527
-0.016389
0.103381
0.0270986
0.0986508
0
-0.02438
0.0360317
-0.0293597
0.000602873
-0.0146544
0.00537337
0.0262292
-0.000615512
0.0920006
0.0359623
0
0.011429
0.0238034
-0.0258208
-0.014363
0.0699617
-0.00710711
-0.0110314
-0.103658
0.0378387
0.00517183
0
0.00510863
-0.0285569
-0.0501544
0.0406474
-0.0835027
-0.0102616
0.019033
0.0784745
-0.63721
0
0
-0.0426989
0.0664749
-0.0264161
0.0034972
0.0166054
-0.00958099
-0.00625072
0.0107984
0.0588244
0.46525
0
-0.02566
-0.0685145
-0.0400412
-0.0782922
0.0662139
-0.0380009
-0.0820133
0.207473
0
0
0
0.0694369
0.0242689
-0.0213554
-0.0598964
0.0149342
-0.0443681
0.055932
0
0
0
0
-0.0162409
0.0629078
-0.0565737
0.0984115
0.013094
0.00560387
0.0103018
0.0220271
0
0
0
0.0122338
-0.0226414
-0.00167011
0.00610599
-0.0171121
0.0157581
-0.00151691
-0.0023287
-0.0170439
0.0336084
0
0
0
0
0
0
0
0
0
0
0
0
