209
636.325
0
0
0
0
0
0
0
0
0
0
0
0
0
0
0
0
0
0
0
0
0
0
0
0
0
0
0
0
0
0
0
0
0
-0.000110735
-0.0157244
0.0740981
-0.286089
-0.0105254
0.00352445
0.0847498
0.00260109
0
0
0
-0.046351
0.0233825
-0.00968349
0.00252949
-0.0809359
0.0124813
0.145207
0.124481
0
0
0
0.0718178
0.105015
-0.0687131
0.0493385
-0.0993485
3.21659e-05
0.0475848
0.135029
-0.182889
-0.0168757
0
-0.00158633
0.0940807
0.0132291
0.0418137
-0.0619893
0.0420998
-0.092529
-0.222869
-0.0172177
0
0
0.137785
-0.104663
0.230093
-0.0196101
-0.11783
0.137285
-0.0641484
-0.00266549
0.0804934
-0.00502894
0
-0.0888316
-0.123115
-0.076634
0.126887
0.0688841
-0.136015
-0.0746379
0.0555785
0.00669424
-0.00457535
0
0.0975186
0.046827
-0.0783225
0.00691513
-0.10874
0.119347
0.027755
-0.0477638
-0.00195241
-0.00311597
0
-0.0618631
-0.10876
0.0320065
-0.0339801
0.181517
0.0710901
-0.0987595
0.0675533
0.107087
-0.00153826
0
0.0411744
0.144374
-0.0421912
0.0795736
0.0162239
-0.20733
0.0413361
0.0255489
-0.0460998
-0.000157771
0
-0.0023726
0.116817
0.116813
-0.103399
-0.0438466
0.0364334
0.0303509
-0.186166
-0.120097
0
0
0.0241964
-0.0714048
0.115685
-0.122034
0.0417983
0.0471246
-0.0521769
0.0743213
-0.102705
-0.167676
0
0.000708059
0.0969846
0.0183129
-0.0442607
-0.102071
-0.0266665
0.0399226
0.0102495
0
0
0
-0.121187
-0.117608
0.0900463
0.0822491
0.00581034
-0.0406286
0.0632034
0
0
0
0
0.0765049
0.0466201
0.0154051
0.0337559
0.0403318
0.0671164
0.0980765
0.0988081
0
0
0
0.0107516
0.0121852
0.0121852
0.0121852
0.0121852
0.0121852
0.0121852
0.0121852
0.0121852
0.0107516
0
0
0
0
0
0
0
0
0
0
0
0
