209
987.931
0
0
0
0
0
0
0
0
0
0
0
0
0
0
0
0
0
0
0
0
0
0
0
0
0
0
0
0
0
0
0
0
0
-0.000183401
-0.0260429
0.000717749
0.156925
0.119599
0.00262019
0.0473301
4.63617e-05
0
0
0
0.0163956
0.0128176
-0.137494
-0.0285267
-0.0771148
0.155534
0.186114
-0.0164547
0
0
0
-0.0361124
0.0264772
0.0314397
0.0371527
0.063203
-0.151401
-0.00215691
-0.175339
-0.0303576
0.103389
0
0.0540081
0.071674
-0.0045112
-0.164886
-0.122484
0.0375219
0.0364461
0.10548
0.069551
0
0
0.0198366
-0.0709862
-0.180946
0.0470469
-0.0959497
0.0235931
0.179618
0.0875349
-0.0375824
0.0543847
0
-0.188211
-0.083052
0.154961
-0.0118763
-0.036206
-0.0905013
-0.18305
-0.0330499
-0.00552429
0.0494794
0
0.0407739
0.150323
-0.110539
0.0529888
-0.0860914
-0.0688742
0.107917
-0.0932204
0.0211141
0.0336972
0
-0.0652672
0.00583155
-0.0533706
-0.0310657
0.0167814
0.259693
-0.0956187
-0.0710983
0.112361
0.0166353
0
0.0156917
-0.093684
-0.16361
0.154518
-0.0066577
0.0118961
0.0459084
-0.030643
0.0292822
0.00170619
0
0.0665953
-0.0302746
0.0430424
0.00025563
0.0546078
-0.00778613
0.109711
0.181545
-0.0133809
0
0
-0.0325141
0.0299552
0.100586
-0.0720721
0.00952697
0.0861247
-0.119575
0.0659678
0.0612207
-0.0860669
0
-0.0158462
0.0863776
-0.0421004
-0.0673347
-0.0658605
0.101003
0.0569388
-0.00883619
0
0
0
0.289636
0.0994656
-0.0199573
-0.112228
0.0449169
0.1255
0.0673239
0
0
0
0
-0.0460625
0.00327951
0.0395026
0.0445198
0.00252343
0.0682816
0.0268559
0.0260069
0
0
0
0.00267063
0.00302671
0.00302671
0.00302671
0.00302671
0.00302671
0.00302671
0.00302671
0.00302671
0.00267063
0
0
0
0
0
0
0
0
0
0
0
0
