209
1.70216e-12
0
0
0
0
0
0
0
0
0
0
0
0
0
0
0
0
0
0
0
0
0
0
0
0
0
0
0
0
0
0
0
0
0
0.00331309
0.0402757
0.0212501
-0.102908
-0.191135
0.0585345
0.152027
-0.00694851
0
0
0
-0.0239343
0.0203181
-0.0424026
0.0165246
0.0618699
0.0141752
0.00545104
-0.1659
0
0
0
-0.000305366
0.0045834
0.0318323
0.0368713
-0.0166918
-0.0482118
0.00658056
0.0254237
-0.00617541
-0.0808062
0
-0.0381343
0.00250647
0.00703897
-0.0224765
-0.0560788
0.0140855
0.0143298
-0.0349049
-0.0806192
0
0
0.00902157
0.0261924
0.0747651
-0.0300155
0.00195653
0.0248089
-0.0261074
-0.0314699
-0.069168
0.0202268
0
-0.0127351
-0.0222252
0.00281483
-0.0210732
0.0166936
-0.0433478
0.0431073
-0.0258069
0.0113147
0.169563
0
0.0591934
-0.00391424
0.00228224
-0.00167397
0.0137874
-0.0315875
-0.0380874
0.056118
0.0245923
0.0133875
0
-0.0653456
-0.0295726
-0.0128911
0.0192001
-0.023968
0.0234503
0.0543695
-0.0270086
-0.0697015
-0.000637788
0
0.0205564
0.0157238
-0.0998331
0.0282409
-0.0415824
0.00618646
-0.0560034
-0.00160359
0.0403014
0.00283052
0
-0.0304463
0.00925301
-0.0184444
-0.00326242
0.0244124
0.0343891
-0.00811613
0.0259115
-0.0082382
0
0
-0.0171854
0.0384484
-0.00407431
-0.00112742
-0.0240273
0.0177009
0.00666718
-0.0257238
0.0385376
0.0472765
0
-0.00342289
-0.0826906
-0.062294
-0.037432
0.13235
-0.0397445
-0.00101611
-0.0806582
0
0
0
0.111755
-0.0719757
0.0850431
0.216519
0.0904791
0.356042
-0.215184
0
0
0
0
0.00105604
-0.307746
0.431622
-0.403223
0.0190485
0.0990809
0.100771
0.0538873
0
0
0
-0.0388357
0.00636794
0.0161685
0.0158699
-0.00570927
0.0110407
0.00740839
0.00217864
-0.0157172
-0.00378623
0
0
0
0
0
0
0
0
0
0
0
0
