209
7.74475e-13
0
0
0
0
0
0
0
0
0
0
0
0
0
0
0
0
0
0
0
0
0
0
0
0
0
0
0
0
0
0
0
0
0
0.018879
-0.0578693
-0.0713914
0.0768015
-0.149358
0.0688598
-0.0348872
0.0400136
0
0
0
0.0318491
-0.0442174
0.0397046
0.041287
-0.040165
-0.0574646
0.019962
0.0662343
0
0
0
-0.0475897
0.0134959
-0.0181249
-0.0433343
0.0312213
0.111433
-0.0174202
-0.0332758
0.0431563
0.0787673
0
0.0470572
-0.0400774
-0.014677
0.0204748
0.0149594
-0.0803004
0.0242866
0.0230007
0.388401
0
0
-0.0393914
0.0444878
-0.0743879
0.0439063
-0.0304635
0.0180673
0.00967907
-0.000651528
-0.323005
0.361021
0
-0.0230425
0.018095
-0.00318427
0.0369791
-0.0154772
0.0489715
-0.000502522
-0.0222548
-0.0291425
-0.193472
0
0.00610534
0.0333866
-0.0237721
-0.000864288
0.00893684
0.0058283
-0.0296207
-0.0623691
0.0733741
0.00847753
0
-0.00819611
-0.0870842
0.0826809
-0.0152798
-0.00558629
0.00947509
-0.0127254
0.0681017
-0.0944637
0.0517987
0
0.0248419
-0.00723643
-0.0245699
-0.00573789
0.0562653
0.0135998
0.0193163
0.00612013
0.142426
-0.0055743
0
-0.0184168
0.0307092
0.06831
-0.0768007
-0.00265167
-0.0382998
0.00758888
-0.00377401
-0.0808229
0
0
0.0236019
-0.036079
0.000879265
0.0366029
-0.0441691
-0.00767886
-0.00551552
0.0158426
-0.0352938
-0.120806
0
0.00518711
-0.0150198
-0.0229971
0.0246012
-0.00569695
-0.0638648
0.0111602
0.0322761
0
0
0
0.00194703
-0.0613401
0.0618998
0.149954
0.219219
-0.137313
-0.211061
0
0
0
0
0.0292794
0.0664695
0.0096219
-0.0330149
0.224366
-0.0908271
-0.00529715
0.294834
0
0
0
0.0222291
-0.0534928
0.0137005
0.0460177
0.153998
-0.0899346
-0.087304
-0.0439263
0.0176954
0.026783
0
0
0
0
0
0
0
0
0
0
0
0
