209
11602.8
0
0
0
0
0
0
0
0
0
0
0
0
0
0
0
0
0
0
0
0
0
0
0
0
0
0
0
0
0
0
0
0
0
4.96432e-05
0.00704934
0.00068331
0.00307757
0.0138781
0.00171358
0.0342249
0.000424213
0
0
0
-0.229654
-0.161373
0.0134669
0.0183401
0.0492502
-0.0242428
-0.0277382
0.00954727
0
0
0
-0.291625
0.134579
0.0875729
-0.0978359
0.0531808
-0.0108159
-0.10761
0.00181733
0.00290457
0.0500069
0
-0.0957671
0.11707
0.0253737
-0.14218
0.157899
-0.0326641
-0.0746955
-0.0243737
0.0310977
0
0
0.00350189
0.00649794
-0.0339891
-0.228104
0.159578
-0.0861754
-0.0479159
-0.0542129
0.0226272
-0.00912263
0
0.0530415
-0.0476452
0.0502475
0.0705077
0.197474
-0.109902
-0.0143157
0.0271237
0.0011243
-0.0082998
0
0.00528811
-0.0928618
0.121294
0.168435
0.0715167
-0.1764
0.0190068
0.0157364
-0.00354173
-0.00565245
0
0.017792
-0.170082
-0.0964342
-0.0210253
0.0409406
-0.00990291
0.0366745
-0.0378433
0.00103094
-0.00279045
0
0.0831471
-0.0202822
0.0314082
0.0451399
0.236468
0.144896
0.0971988
-0.0233098
-0.00522549
-0.0002862
0
0.142537
0.100452
0.000105146
-0.0791659
0.159362
0.0417164
-0.0732787
-0.0512423
0.0029755
0
0
-0.0477058
0.188042
-0.0336297
-0.229244
0.0497969
0.240424
-0.130853
0.0373632
0.0101386
0.0131677
0
-0.0421154
0.114271
0.100086
0.126236
0.117944
0.0612147
0.00107049
0.0161754
0
0
0
-0.0652367
-0.0428129
-0.00309559
0.0215073
0.0083303
0.00213435
-0.0256325
0
0
0
0
0.0406275
0.0373584
0.032219
0.0270071
0.0242198
-0.0243691
-0.0198909
-0.0197705
0
0
0
-0.00145695
-0.00165121
-0.00165121
-0.00165121
-0.00165121
-0.00165121
-0.00165121
-0.00165121
-0.00165121
-0.00145695
0
0
0
0
0
0
0
0
0
0
0
0
