209
-5.85031e-12
0
0
0
0
0
0
0
0
0
0
0
0
0
0
0
0
0
0
0
0
0
0
0
0
0
0
0
0
0
0
0
0
0
-0.00153933
0.0655071
-0.345082
-0.193511
0.108142
0.0381621
0.136328
0.005392
0
0
0
-0.0627763
0.162815
-0.0977012
0.175851
-0.189125
-0.0882428
-0.0643955
0.270647
0
0
0
0.069612
-0.0211908
-0.0445325
-0.00333895
0.0109258
-0.0109838
0.10369
-0.0640646
-0.137921
0.00958661
0
-0.0355104
-0.0370914
0.0549896
-0.144608
0.104661
0.014345
-0.0120573
0.146787
-0.116595
0
0
0.0235796
0.0101802
-0.0242439
-0.0124796
0.00536019
-0.0473201
0.0405736
-0.0366206
0.0422049
0.00728207
0
-0.0370978
0.00371286
0.038447
0.00575425
-0.0400201
0.0299021
-0.00577121
0.0649788
0.00169381
0.00853187
0
0.040111
-0.0348083
0.0781971
-0.0159165
-0.024777
-0.0157044
-0.0271018
0.0624671
0.000375056
-0.00207513
0
-0.0737381
-0.0206543
-0.00823146
0.109847
-0.0508255
-0.0171924
0.0824446
0.0111087
-0.0861806
-0.00156138
0
0.0126462
-0.0284071
-0.154053
-0.0219299
-0.00634922
0.180489
0.032466
-0.0657748
0.0100124
-0.000392594
0
-0.0414639
0.0567977
-0.0114025
-0.0554419
0.0256391
-0.115152
-0.0691001
0.0328802
-0.0443456
0
0
-0.0577594
0.0431179
-0.0965636
0.139548
-0.0574286
0.0282028
0.0314758
0.00601397
0.0799289
-0.0514588
0
0.11593
-0.0204663
0.183702
-0.230235
-0.0942695
0.0184435
0.247379
0.0093437
0
0
0
0.0437098
-0.190339
0.127983
-0.020927
0.0349018
0.00659532
-0.095515
0
0
0
0
0.103481
0.0803667
-0.0357581
-0.0265815
-0.133534
-0.130492
-0.016676
-0.0220666
0
0
0
-0.00657443
-0.00238546
-0.0092863
0.00993432
0.00577745
0.00162263
-0.00451315
0.00294434
-0.00249496
0.0047624
0
0
0
0
0
0
0
0
0
0
0
0
