209
-3.32347e-12
0
0
0
0
0
0
0
0
0
0
0
0
0
0
0
0
0
0
0
0
0
0
0
0
0
0
0
0
0
0
0
0
0
-0.0188927
-0.187098
0.158133
-0.080174
-0.0445384
-0.023847
-0.125653
-0.01924
0
0
0
0.0291526
-0.0653782
0.0421524
-0.0496702
0.104923
-0.0392865
-0.0104659
0.0527717
0
0
0
-0.0297736
0.0532657
-0.0065953
-0.0675665
0.0540782
-0.0702249
-0.0200616
-0.00736646
-0.0818586
-0.0620444
0
0.0833502
-0.073676
-0.0515863
0.00973291
-0.0809514
0.0378768
0.0655853
0.0961919
-0.132389
0
0
-0.0283529
0.139435
0.0324673
-0.00733704
-0.0197316
-0.0340092
-0.00383699
-0.0670574
-0.114057
0.0119333
0
0.0216395
-0.132249
0.0366049
0.0376749
0.0452271
0.00742768
-0.0330547
0.171092
-0.00352409
0.0144624
0
-0.0888969
0.028565
-0.102605
0.129173
-0.0430084
0.0257704
0.0510018
-0.0863757
-0.0181997
-0.0380898
0
0.0387495
0.0328462
-0.0086734
-0.00702189
0.0114838
0.0203207
-0.0608231
-0.0507569
0.0311167
0.00712876
0
0.1287
-0.0290384
0.0489649
0.0953017
-0.0984344
0.0300958
0.0822165
0.0270324
-0.0441775
-0.00296107
0
-0.131203
0.0516188
0.0983037
-0.141808
0.196262
-0.00982711
-0.0276642
0.00967038
0.0553337
0
0
0.119767
-0.0418708
-0.0872093
0.078439
-0.101769
0.0182418
-0.0144365
-0.0139928
-0.121899
0.161129
0
-0.184317
0.0210949
-0.0300093
-0.362455
0.272059
-0.156607
0.209788
0.201968
0
0
0
0.0498982
0.0529987
-0.038486
0.0376198
-0.0983077
-0.102409
0.0451064
0
0
0
0
-0.0192629
-0.00529152
0.0458092
-0.0221073
-0.001093
-0.210054
-0.00257115
0.00918102
0
0
0
0.0014837
0.00923102
0.00268163
-0.0207107
-0.0297664
-0.0220037
0.00840843
0.0128336
0.0178954
0.0228044
0
0
0
0
0
0
0
0
0
0
0
0
