209
12.0021
0
0
0
0
0
0
0
0
0
0
0
0
0
0
0
0
0
0
0
0
0
0
0
0
0
0
0
0
0
0
0
0
0
-0.000985757
-0.139978
0.053823
0.0505987
-0.0149323
0.00441015
0.0896065
0.0012752
0
0
0
-0.0925317
0.0115503
-0.0444013
0.202268
-0.0949939
0.167726
-0.192661
-0.0912633
0
0
0
-0.0476817
0.103729
-0.0100458
0.116783
-0.0643468
0.0644636
0.112662
-0.0665183
-0.173689
0.0664235
0
-0.0390389
-0.0485243
0.0206105
0.0455242
-0.0709233
-0.0671466
-0.0295451
0.217431
0.156373
0
0
0.0047897
0.00592924
0.0660676
-0.138627
0.063325
0.0893952
-0.0589424
-0.17398
-0.0351423
-0.0307437
0
-0.0513722
0.101495
-0.116324
0.0869414
-0.084574
-0.00463653
0.134684
0.0349188
-0.00243804
-0.0279708
0
0.0761115
0.00587333
0.0861878
-0.0827129
0.0381164
-0.059224
-0.080661
0.330927
-0.0119358
-0.0190491
0
0.131788
-0.0343119
0.00725449
0.0176719
0.0797516
0.00481018
5.95493e-05
-0.0765887
0.0384129
-0.00940396
0
-0.0779014
-0.019199
0.0818513
-0.0527306
-0.124921
-0.187221
-0.0520578
-0.209381
-0.0526493
-0.000964509
0
-0.00142703
-0.0944001
-0.0669109
-0.0249507
0.153921
0.146761
-0.0463936
0.111173
0.0311812
0
0
0.053536
-0.0170128
-0.0158108
-0.00825902
-0.0967444
0.0454418
-0.0860471
0.111373
-0.149904
-0.0974495
0
0.0241241
0.00397316
0.0278449
-0.0867415
-0.0706659
0.0169909
0.101508
0.065107
0
0
0
0.0197036
0.130334
-0.101056
-0.000545892
-0.00202624
0.0428036
0.0883041
0
0
0
0
-0.073489
-0.0319166
0.0151018
0.075191
0.0733534
0.0811192
0.0357758
0.0346738
0
0
0
3.55346e-05
4.02725e-05
4.02725e-05
4.02725e-05
4.02725e-05
4.02725e-05
4.02725e-05
4.02725e-05
4.02725e-05
3.55346e-05
0
0
0
0
0
0
0
0
0
0
0
0
