209
-3.10988e-13
0
0
0
0
0
0
0
0
0
0
0
0
0
0
0
0
0
0
0
0
0
0
0
0
0
0
0
0
0
0
0
0
0
-0.057458
-0.011261
0.0228051
0.0200415
-0.00590686
0.0813516
-0.0158448
-0.0170791
0
0
0
0.010391
-0.00204956
0.00733196
-0.00435287
-0.00670245
0.00362812
-0.0291637
0.0826287
0
0
0
-0.00900496
0.0165484
0.00569514
-0.00973124
-0.00831842
-0.00739674
0.00508594
-0.0106454
0.0112457
0.0459527
0
0.000568128
-0.0184169
-0.0235355
0.0228006
-0.00630101
0.0124809
0.0122635
0.00269638
-0.0736344
0
0
0.0092084
0.0204618
-0.00297881
-0.0113132
0.00676705
-0.022147
-0.00434879
0.000631917
0.0720605
-0.00349402
0
-0.00317916
-0.0263172
0.00750795
-0.00384092
0.00191879
0.00829511
-0.00299599
0.0161479
0.0244792
-0.174364
0
-0.0175156
0.0104016
-0.0123521
0.0119382
-0.00757505
0.00545754
0.00964547
-0.0166212
-0.0823015
-0.278536
0
0.0226868
0.00281945
-0.00348054
-0.0134082
0.0108407
0.0125442
-0.0217934
-0.00343161
0.0153838
-0.486659
0
0.00888546
-0.0143128
0.0109265
-0.0081543
0.000332112
-0.0113343
0.0116678
-0.00363868
0.467409
0.0148858
0
-0.018692
0.00778948
0.00388363
0.00351504
-0.00319546
0.0122462
0.00304071
0.00988984
-0.111802
0
0
0.0201086
-0.00947662
-0.0082969
0.0206094
-0.0109333
0.00216586
-0.00859252
0.0164358
-0.0100356
-0.0131546
0
-0.00682947
0.0325911
0.0288668
-0.0112717
-0.0156338
0.0546539
-0.0157656
-0.0154395
0
0
0
-0.017229
0.0450223
-0.0497029
0.219941
-0.130324
0.207186
-0.0282581
0
0
0
0
-0.134218
0.155679
-0.0787545
-0.0673411
-0.0721357
0.123725
-0.0749661
0.00370295
0
0
0
-0.0247588
0.0752226
-0.0464577
-0.0481683
-0.116122
-0.116199
-0.144757
0.000834315
0.323268
0.106789
0
0
0
0
0
0
0
0
0
0
0
0
