209
-4.3362e-17
0
0
0
0
0
0
0
0
0
0
0
0
0
0
0
0
0
0
0
0
0
0
0
0
0
0
0
0
0
0
0
0
0
-0.694994
0.00659284
-0.0112874
-0.00633189
0.00288319
0.0304248
-0.0174937
0.204746
0
0
0
-0.00673649
0.00897831
-0.000972776
-0.00516122
0.00445973
0.00406497
0.00473851
-0.00509848
0
0
0
0.00707197
-0.00351429
-0.000725614
0.00377588
0.00363088
-0.00872756
-0.00224977
0.00748033
-0.00566534
-0.0557004
0
-0.00304617
0.00159302
0.00697414
-0.0048369
0.00346751
0.00311379
-0.00222722
-0.00626138
0.0224661
0
0
-0.00114364
-0.00799256
0.00707741
-0.00353426
0.00608574
0.00153233
0.00550534
0.00419077
-0.00611329
0.0289211
0
0.00827846
0.000765593
0.00230155
-0.000489417
0.00174205
-0.00481358
-0.00379352
-4.45884e-05
-0.34146
-0.0226299
0
-0.0052539
-0.011469
0.00908639
-0.0045376
1.4749e-05
9.18418e-05
0.0120675
0.00695837
0.130073
-0.0810215
0
-0.00031712
0.0172345
-0.0103562
0.00731824
-0.00101111
-0.00439193
-0.00673731
-0.0148242
0.0255546
-0.0282214
0
-0.00457473
-0.00432444
-0.00823819
0.0023645
-0.0161783
-0.00139571
0.00152614
0.0116486
0.0399677
0.433503
0
-0.00166672
0.000608734
-0.00618912
0.00620428
0.0150318
0.0117678
-0.00294252
0.00428505
0.00981339
0
0
0.000453664
0.000593921
0.00290191
-0.0109518
0.00275235
-0.000619956
0.00311959
-0.0102539
-0.00183851
0.0006121
0
0.00982515
0.0171576
0.00679472
0.002672
-0.00910983
-0.00421582
0.00417859
0.00965754
0
0
0
-0.00411915
-0.00100372
-0.00577314
-0.0405926
-0.0476752
-0.00601403
-0.00639147
0
0
0
0
0.0898755
-0.0945816
-0.00876738
0.0257102
0.0360174
-0.0159062
0.0285407
-0.0202734
0
0
0
-0.0281976
0.0597112
-0.0949551
0.111604
0.051916
0.128175
0.069842
-0.162178
0.0193464
-0.179724
0
0
0
0
0
0
0
0
0
0
0
0
