209
64.6017
0
0
0
0
0
0
0
0
0
0
0
0
0
0
0
0
0
0
0
0
0
0
0
0
0
0
0
0
0
0
0
0
0
0.00187626
0.266429
-0.127112
-0.245654
0.00810474
0.00153223
0.0413723
0.00167598
0
0
0
-0.0118348
-0.0662369
-0.0649849
0.085396
0.030793
-0.0877904
0.185509
-0.183747
0
0
0
-0.145616
0.121574
-0.121006
0.0599682
-0.0653511
0.299179
-0.0688298
0.0166554
0.135985
0.0107728
0
0.141053
-0.0408269
0.0576171
-0.198645
0.0874057
-0.105342
0.0186008
-0.0463908
0.00532105
0
0
0.0240584
0.0737376
0.0204815
0.0700938
-0.0959311
-0.065183
0.0464807
-0.085832
-0.0404813
-0.0816374
0
-0.0522169
-0.00412902
0.0151241
0.100278
-0.105648
0.0803363
-0.151268
0.169313
-0.00561052
-0.0742741
0
0.000255048
-0.0752703
0.098251
-0.118199
-0.0683469
0.0252794
0.0549559
-0.063265
-0.0316945
-0.0505832
0
0.0741424
0.0768187
-0.0904928
0.0655647
0.00140355
0.0935651
-0.0945344
-0.144079
-0.082427
-0.0249715
0
-0.0524658
0.0307641
-0.0348885
-0.0252575
0.0938354
-0.0990169
0.0626379
0.0898471
-0.0456258
-0.00256117
0
-0.0264791
-0.020479
-0.00619036
0.0165417
0.000751286
-0.0324311
-0.025531
0.0313795
0.0238492
0
0
0.0443277
0.0134434
-0.111405
0.0599079
-0.0107325
-0.0296506
0.0432017
0.0930569
-0.209029
0.122436
0
-0.103236
-0.0484505
0.0591324
0.0985076
-0.00856852
-0.0770039
0.0743728
-0.13989
0
0
0
0.0901848
0.208134
-0.0380131
0.00933027
0.00917892
0.0272136
0.0326573
0
0
0
0
-0.0561899
-0.0392507
-0.0226546
0.0542526
0.0482947
0.0309707
0.0141163
0.0137274
0
0
0
-0.000223024
-0.00025276
-0.00025276
-0.00025276
-0.00025276
-0.00025276
-0.00025276
-0.00025276
-0.00025276
-0.000223024
0
0
0
0
0
0
0
0
0
0
0
0
