209
564.687
0
0
0
0
0
0
0
0
0
0
0
0
0
0
0
0
0
0
0
0
0
0
0
0
0
0
0
0
0
0
0
0
0
-0.000207347
-0.0294433
-0.113301
0.0240757
-0.000108811
-0.00242785
-0.0626891
-0.00231052
0
0
0
0.0720937
-0.137426
0.0141345
-0.0156774
0.0558937
-0.0418385
-0.000343147
0.0188732
0
0
0
-0.0619777
-0.0532436
0.115222
-0.0300882
-0.123657
-0.0939502
0.0714521
0.0870053
-0.194807
0.0254334
0
0.234949
0.0591107
-0.176733
0.185148
-0.0137763
-0.0301396
0.0211898
-0.238961
0.0545138
0
0
-0.011717
0.034144
-0.0186329
-0.213368
0.178147
-0.0826384
-0.0443082
0.0959351
-0.0287314
0.00112244
0
-0.0283323
-0.0159952
-0.0219085
0.0326295
-0.0945843
0.140988
-0.0580446
0.00768806
-0.00357594
0.0010212
0
0.0870249
-0.0401371
0.227125
-0.158974
-0.0609558
-0.121546
0.0302481
0.0656465
0.000435772
0.000695474
0
-0.0535737
-0.0019039
-0.204576
0.0937536
0.0708895
0.0793387
-0.05268
0.118682
0.081799
0.000343335
0
-0.15464
-0.0483089
0.0232096
0.0914365
-0.011762
0.0646237
0.121662
0.00200414
-0.0388718
3.52139e-05
0
-0.0767726
0.0462822
-0.0157734
-0.140832
-0.108942
0.034107
-0.114456
-0.0554058
-0.0660948
0
0
0.0202313
0.000851036
-0.0343195
0.138224
0.0509226
-0.0468962
0.0753082
-0.00159231
0.250843
-0.161561
0
-0.177541
-0.0155585
-0.00630261
-0.0768281
0.0210529
-0.0561757
-0.020779
-0.0412034
0
0
0
0.14459
0.0511829
0.0379373
-0.0425709
0.000419918
0.0615085
0.0249434
0
0
0
0
-0.119781
-0.0705849
-0.01779
0.0511125
0.0431517
0.0178195
-0.0340384
-0.0352758
0
0
0
-0.00257087
-0.00291366
-0.00291366
-0.00291366
-0.00291366
-0.00291366
-0.00291366
-0.00291366
-0.00291366
-0.00257087
0
0
0
0
0
0
0
0
0
0
0
0
