209
1338.87
0
0
0
0
0
0
0
0
0
0
0
0
0
0
0
0
0
0
0
0
0
0
0
0
0
0
0
0
0
0
0
0
0
4.18489e-05
0.00594255
-0.0177752
-0.127073
-0.0557869
-0.00225669
-0.0340431
0.000769278
0
0
0
-0.00187542
-0.0993423
-0.012843
0.00439428
-0.135863
0.0803135
0.0777515
0.0334405
0
0
0
0.18738
-0.133233
-0.163169
0.257491
-0.081268
-0.00678807
-0.0129171
-0.081707
0.202081
-0.0337687
0
-0.124552
0.167578
-0.170715
0.0255763
-0.0513361
0.0215158
-0.19323
0.0166474
-0.00484088
0
0
0.0050375
-0.0302224
0.0406301
-0.056791
0.0294135
0.0753814
0.132508
-0.163345
0.0333637
-0.0152291
0
-0.153663
0.0786328
-0.0595811
-0.00563185
-0.0445629
0.0126789
0.0307506
0.0410117
0.00333396
-0.0138555
0
0.0752275
0.0990583
-0.047174
-0.0633813
0.0506727
-0.159318
-0.108271
0.0422434
-0.00591248
-0.00943608
0
0.132997
-0.0748281
-0.0246933
-0.187734
-0.0450063
0.0561352
0.0554691
-0.0284808
0.00291714
-0.00465832
0
-0.03634
-0.230066
0.0285807
0.0345406
0.0396567
0.159432
0.160179
0.0307117
0.00800183
-0.000477776
0
-0.175338
-0.124165
0.0148092
-0.135573
-0.0457121
-0.0566775
-0.088047
-0.0789132
0.0642763
0
0
0.115068
-0.0363886
0.127266
-0.0331626
-0.0437323
0.111582
0.0612269
-0.148998
0.0221462
0.0896788
0
-0.131871
0.129575
0.00454409
0.130187
0.0439074
0.0197498
-0.0415385
0.0456805
0
0
0
0.0371504
0.0738513
0.0447305
0.0519497
-0.0255769
-0.103888
-0.074451
0
0
0
0
0.0539862
-0.00604685
-0.0629131
-0.0976529
-0.072571
-0.0694188
-0.0109207
-0.00958793
0
0
0
-0.0143633
-0.0162784
-0.0162784
-0.0162784
-0.0162784
-0.0162784
-0.0162784
-0.0162784
-0.0162784
-0.0143633
0
0
0
0
0
0
0
0
0
0
0
0
