209
382.957
0
0
0
0
0
0
0
0
0
0
0
0
0
0
0
0
0
0
0
0
0
0
0
0
0
0
0
0
0
0
0
0
0
0.000167048
0.0237209
-0.0106248
-0.0997901
-0.0506526
-0.00421434
-0.0770685
-0.00018803
0
0
0
0.0220942
0.134259
-0.148305
-0.121559
0.168299
0.146933
-0.149895
-0.0254091
0
0
0
0.00695502
0.0578866
0.214024
0.13943
-0.229056
0.0991344
-0.280499
0.0665916
-0.258837
0.00655653
0
-0.0675724
-0.133463
0.0686826
-0.198118
0.0484453
-0.065293
0.117325
-0.0571264
0.0113269
0
0
-0.0487151
0.0340928
-0.0265112
0.12882
-0.0412256
-0.0358835
-0.0132213
-0.0105154
-0.00767602
-0.0484936
0
0.0401923
-0.0287334
0.0134997
0.0983887
-0.0157578
-0.0588226
-0.0325171
-0.0277357
-0.000169546
-0.0441197
0
-0.0781218
0.149114
-0.117816
-0.0158601
0.0261067
0.0328018
-0.0893277
0.0445891
-0.0188269
-0.030047
0
0.20919
-0.157204
-0.0331065
0.00849199
0.0168174
0.0556567
0.0360818
0.0502891
0.0196013
-0.0148333
0
-0.114908
-0.0474533
0.00569115
0.0585015
0.0435391
0.11517
0.0156056
-0.141076
-0.0674233
-0.00152137
0
-0.0563095
0.0125523
-0.0248063
-0.0118082
0.0938111
-0.103965
0.114569
-0.0296553
-0.0846461
0
0
0.0421178
-0.0389846
0.0103692
-0.0505016
0.0793762
-0.165778
0.136677
-0.0219175
0.148709
-0.0904756
0
0.0496612
0.120565
0.0168807
0.0666631
0.0111042
-0.0399437
-0.0690772
0.00556028
0
0
0
0.103722
-0.0173776
-0.192447
0.0415607
-0.0239841
-0.0785476
-0.0663743
0
0
0
0
0.0790594
0.0389854
0.00343707
-0.0680467
-0.0464004
-0.0641833
-0.0266602
-0.025827
0
0
0
-4.18689e-05
-4.74514e-05
-4.74514e-05
-4.74514e-05
-4.74514e-05
-4.74514e-05
-4.74514e-05
-4.74514e-05
-4.74514e-05
-4.18689e-05
0
0
0
0
0
0
0
0
0
0
0
0
