209
18210.2
0
0
0
0
0
0
0
0
0
0
0
0
0
0
0
0
0
0
0
0
0
0
0
0
0
0
0
0
0
0
0
0
0
1.02957e-05
0.00146199
-0.0171477
0.0223176
0.00949362
0.00284551
0.0532546
0.000273622
0
0
0
0.090037
0.106656
0.0399183
0.0845454
0.0468103
0.0863741
0.0604293
0.0128838
0
0
0
-0.0777671
0.162447
0.0253101
0.11437
0.0786508
0.0657803
-0.0151859
0.000101671
-0.0184946
0.00710104
0
-0.0425862
0.224843
0.104992
0.0914697
0.0694295
0.126706
0.00260836
0.00189138
0.00255328
0
0
-0.29834
-0.07143
-0.114487
0.190985
0.259597
0.0263849
-0.228823
-0.128125
-0.0996779
-0.0563017
0
-0.0787763
-0.149113
0.109166
0.0662642
0.0264976
0.0755827
0.0146329
-0.0321344
-0.00796517
-0.0512235
0
-0.0157986
-0.0138263
-0.133115
-0.0938841
-0.236004
-0.127949
0.0412829
0.0577507
-0.0218583
-0.0348849
0
0.0741411
0.172085
0.136269
0.176448
-0.0124664
0.0984073
0.180873
0.145379
-0.0298041
-0.0172217
0
-0.0108025
0.0539401
-0.0258628
-0.0481379
-0.131648
-0.0230095
0.0271929
0.0697847
-0.0442714
-0.00176633
0
-0.036683
0.0435027
0.0847458
-0.0958843
-0.17463
0.0441805
0.052388
-0.075351
-0.0184121
0
0
-0.118852
-0.00585703
-0.120235
-0.14197
-0.0760537
0.0619657
-0.0673474
-0.118897
-0.0419009
0.0326076
0
-0.0368648
0.0972135
0.0163658
0.0125936
0.0233474
0.0245572
-0.0163634
0.00668355
0
0
0
-0.0048488
0.0100244
-0.00861458
-0.0410969
-0.00326052
-0.00353955
-0.0206278
0
0
0
0
-0.0356282
-0.0423236
-0.0507754
-0.0582543
-0.0597462
-0.0190447
-0.0111855
-0.0109874
0
0
0
-0.00109493
-0.00124092
-0.00124092
-0.00124092
-0.00124092
-0.00124092
-0.00124092
-0.00124092
-0.00124092
-0.00109493
0
0
0
0
0
0
0
0
0
0
0
0
