209
-2.33395e-12
0
0
0
0
0
0
0
0
0
0
0
0
0
0
0
0
0
0
0
0
0
0
0
0
0
0
0
0
0
0
0
0
0
-0.00296117
0.0823356
0.121648
0.00677457
-0.33774
-0.0169972
0.113708
-0.00576436
0
0
0
-0.0210824
0.0065509
0.016154
0.0324994
0.0125231
-0.119207
0.0356973
0.107279
0
0
0
-0.0148774
0.0590234
-0.00226502
-0.025934
-0.0105252
-0.0260493
0.0445287
-0.0514235
0.0225932
-0.14432
0
0.0160172
-0.0502303
-0.0313534
0.0190493
-0.072154
0.0280106
0.0240009
-0.0217688
0.0377435
0
0
0.00408101
0.0415624
-0.00235411
-0.0232724
0.000430483
-0.0348206
-0.038241
0.026878
-0.0580166
-0.0181939
0
-0.00184913
-0.043543
0.0581716
-0.0262103
-0.0267331
0.0122911
-0.0165264
-0.0354931
7.50914e-05
-0.0464495
0
-0.0243769
0.0618435
-0.0171338
0.054186
-0.0228007
0.00984487
-0.061563
0.104482
-0.0335442
-0.0667013
0
0.0514256
-0.0766276
0.0243394
0.0477179
0.00509552
-0.0181584
0.0581423
-0.0646128
0.0899081
-0.00839565
0
-0.00351917
0.0644946
-0.0575198
0.0338503
-0.0209496
0.0758442
0.0367404
-0.03039
-0.0861317
-0.00360539
0
-0.00519389
0.012023
0.0566139
-0.10708
0.0685665
-0.0978638
-0.000317293
0.0382751
0.0343796
0
0
-0.00052514
-0.00626224
-0.0703437
0.0794075
-0.0140739
0.0016477
-0.0119923
0.0426841
0.000625074
0.121687
0
-0.082609
-0.0936787
-0.019582
-0.0878231
-0.141838
0.458993
-0.0892503
-0.260933
0
0
0
0.0895059
-0.0507389
0.0210371
-0.00636202
-0.0325887
-0.206608
0.22703
0
0
0
0
0.139839
0.0528949
-0.0675785
-0.190096
0.227758
0.146722
-0.167668
-0.11011
0
0
0
-0.0225612
0.0164042
-0.032965
-0.0114732
-0.0271399
0.0171983
0.0123538
0.0312356
0.0116668
0.00297639
0
0
0
0
0
0
0
0
0
0
0
0
