209
28094.6
0
0
0
0
0
0
0
0
0
0
0
0
0
0
0
0
0
0
0
0
0
0
0
0
0
0
0
0
0
0
0
0
0
2.84611e-06
0.000404148
0.0115159
-0.0087989
0.0014246
-0.000524967
-0.0103989
-0.000119588
0
0
0
0.0969325
0.153766
0.158618
0.123888
0.159751
0.117231
0.061403
0.0176099
0
0
0
0.137098
0.0585135
0.0162417
-0.180107
-0.165044
-0.153926
0.125317
0.195978
0.207906
0.0204072
0
0.0160411
0.0619366
0.169631
-0.0889716
-0.0517724
-0.113549
0.0115264
0.206201
0.0163589
0
0
-0.00993514
-0.0309453
0.0842173
-0.0296586
-0.0211345
-0.029403
-0.0839398
0.171795
0.00190925
0.00237618
0
0.0293606
-0.0560403
0.0786703
0.0743171
0.089137
0.100612
-0.108003
0.21189
-0.000244256
0.00216186
0
0.0126249
-0.153628
-0.160184
-0.190217
0.0309369
-0.0350693
-0.103543
0.198226
0.000922518
0.0014723
0
0.0530327
-0.108588
-0.0845964
-0.14847
0.00727295
-0.0336946
-0.0518986
0.214512
0.0156167
0.000726832
0
0.0299521
-0.0526694
0.0611405
-0.0629478
0.0911515
-0.00253696
-1.98872e-05
0.216729
-0.00150868
7.45469e-05
0
0.0179634
-0.0168028
0.0659363
-0.0855541
0.0605638
-0.0237906
0.0353958
0.244846
-0.00437607
0
0
-0.0355775
-0.0160179
0.0608607
-0.071316
-0.0103799
0.0732606
0.134668
0.131142
0.0924734
-0.0150455
0
0.0127408
-0.0238034
0.0394476
0.0186719
0.0117808
0.0148973
0.00723018
0.0075771
0
0
0
0.0246971
0.0267054
0.0411427
-0.00498596
-0.000433732
-0.000741125
-0.00357632
0
0
0
0
-0.00437671
-0.00543622
-0.00672623
-0.00758859
-0.00772819
-0.00334879
-0.00213514
-0.00210491
0
0
0
-0.00420103
-0.00476117
-0.00476117
-0.00476117
-0.00476117
-0.00476117
-0.00476117
-0.00476117
-0.00476117
-0.00420103
0
0
0
0
0
0
0
0
0
0
0
0
