209
-7.87262e-13
0
0
0
0
0
0
0
0
0
0
0
0
0
0
0
0
0
0
0
0
0
0
0
0
0
0
0
0
0
0
0
0
0
0.0377713
-0.12741
0.101615
-0.0372324
0.0763373
0.0824067
0.0521287
0.0429538
0
0
0
-0.0249942
-0.00988154
-0.0203772
-0.0269413
0.0584877
0.0286645
0.0323759
-0.0767714
0
0
0
-0.00451831
-0.000491381
0.00448267
0.0408922
0.00596744
-0.0338151
-0.0207265
0.013145
0.119713
-0.365685
0
0.00270284
0.044869
0.0181886
-0.0323303
-0.0462032
0.0275079
0.0288083
-0.112359
0.0934858
0
0
0.0034193
-0.0363263
0.0289054
-0.000881592
-0.00564881
0.0514722
-0.0649344
-0.00932468
0.269006
-0.0549915
0
-0.000244351
0.0329786
-0.0116451
-0.0290479
-0.0149369
-0.0941161
-0.000147864
-0.0458555
-0.0362971
-0.155856
0
0.0312445
-0.0560703
0.0391674
-0.00678537
-0.0133391
0.0106564
-0.00487367
0.0411977
-0.0601976
-0.116839
0
0.0267714
0.0577764
-0.0473328
0.0340976
-0.0123352
-0.0355481
0.063184
-0.0577228
0.0211052
-0.0828987
0
-0.0624984
0.0456285
0.0154042
0.0317126
0.0930451
0.0344188
-0.00845151
0.0259741
-0.0457117
0.00248616
0
0.0605146
-0.0457972
-0.0415196
0.0356818
-0.0245683
-0.0404844
0.036196
0.0496607
0.0847819
0
0
-0.0422909
0.0280989
0.00849492
-0.0823081
0.0975106
-0.0456381
0.0118947
-0.0411749
0.0642279
-0.0140681
0
-0.0161633
-0.0532016
-0.0152084
-0.209502
-0.0214085
-0.035866
0.218222
0.076639
0
0
0
0.0258538
0.0687165
-0.0382547
-0.141954
0.520848
-0.130856
-0.076994
0
0
0
0
-0.0188233
-0.0491804
-0.00077118
-0.031279
-0.0425177
0.000496205
-0.129488
0.00998906
0
0
0
0.0647333
0.0400553
0.00221805
0.0193305
0.0886676
-0.115263
-0.141297
-0.105999
0.109498
0.0517611
0
0
0
0
0
0
0
0
0
0
0
0
