209
-948.474
189.903
1180.56
-90.3715
16.7941
332.619
-604.073
600.724
-146.585
64.5491
739.441
66.1719
77.551
-432.713
-508.137
165.818
-14.7806
113.357
286.712
263.012
155.431
73.8926
-476.479
-96.7568
2.47884
118.864
-141.653
579.401
-339.76
-273.341
-847.812
-242.281
-300.236
-197.611
141.558
107.941
45.7528
-140.615
-430.537
41.7781
-501.822
33.9345
-362.129
85.9488
293.505
453.115
68.293
323.112
-127.867
11.4274
-70.1709
137.977
61.1943
-255.687
-28.3378
238.377
-24.1671
110.478
312.268
156.556
5.93562
30.0943
91.2939
1.02929
-223.678
72.3262
-201.831
-60.1516
-83.2506
121.188
-13.4078
-256.126
-115.179
217.986
-98.1673
120.482
-68.3998
228.939
-8.64052
-290.957
-7.83567
133.346
22.2077
-123.642
-272.671
-76.1033
-120.789
27.3028
21.9218
128.2
20.987
68.3015
18.4754
112.564
-10.3181
-89.6159
6.93265
-4.95147
95.2677
-143.94
138.856
-96.5368
147.945
12.4595
26.491
82.3007
-67.1488
115.848
143.914
-15.7985
-55.1375
180.273
117.578
-18.062
-26.7723
-86.0431
30.4305
-50.0708
-13.1111
-12.7175
76.5391
-94.9588
80.777
120.583
325.944
25.8031
-47.0587
171.407
126.609
126.594
221.555
50.159
-265.052
-102.83
-226.02
-97.002
143.815
255
255
255
255
255
255
255
255
255
255
255
255
255
255
255
255
255
255
255
255
255
255
255
255
255
255
255
255
255
255
255
255
255
255
255
255
255
255
255
255
255
255
255
255
255
255
255
255
255
255
255
255
255
255
255
255
255
255
255
255
255
255
255
255
255
255
255
255
255
255
255
