209
-942.902
214.349
1008.08
116.773
-59.2904
316.934
-503.787
659.283
-77.9076
10.7189
666.667
-119.534
-60.5409
-535.245
-404.869
59.7765
-63.989
26.4896
423.668
217.868
187.764
-60.9214
-217.885
-17.6177
223.413
64.9652
-129.674
636.363
-290.284
-218.307
-821.669
-160.981
-283.399
-197.816
94.4649
195.519
77.4839
-344.906
-435.072
14.5486
-352.863
58.6295
-339.214
129.343
316.795
396.88
52.8604
232.729
-132.416
83.7699
-35.9836
188.659
126.739
-297.957
-21.4861
156.482
62.4478
129.183
310.835
222.426
55.2771
22.1367
138.355
-4.3156
-215.332
5.74763
-155.734
-71.8554
-166.543
118.063
-4.49458
-261.286
-88.7082
234.034
-76.8107
117.296
-82.6644
181.937
-37.6923
-285.002
14.8842
114.478
49.8338
-125.493
-279.505
-76.7427
-128.647
27.8096
35.2767
115.811
20.0198
56.7133
18.6846
107.863
-10.3181
-89.6159
6.93265
-4.95147
95.2677
-143.94
138.856
-96.5368
147.945
12.4595
26.491
82.3007
-67.1488
115.848
143.914
-15.7985
-55.1375
180.273
117.578
-18.062
-26.7723
-86.0431
30.4305
-50.0708
-13.1111
-12.7175
76.5391
-94.9588
80.777
120.583
325.944
25.8031
-47.0587
171.407
126.609
126.594
221.555
50.159
-265.052
-102.83
-226.02
-97.002
143.815
255
255
255
255
255
255
255
255
255
255
255
255
255
255
255
255
255
255
255
255
255
255
255
255
255
255
255
255
255
255
255
255
255
255
255
255
255
255
255
255
255
255
255
255
255
255
255
255
255
255
255
255
255
255
255
255
255
255
255
255
255
255
255
255
255
255
255
255
255
255
255
