209
-883.634
155.768
1267.3
-88.1322
30.389
255.66
-647.39
591.619
-123.551
-44.7392
733.235
35.9277
60.4723
-454.208
-458.455
78.1425
13.1591
117.323
292.178
201.939
134.299
110.259
-329.226
-130.935
-9.15367
68.6787
-145.731
672.644
-233.933
-205.215
-797.612
-97.2478
-327.287
-227.404
41.6412
78.4625
-63.6531
-82.2991
-356.59
65.8188
-427.961
33.6521
-435.156
171.81
300.308
355.559
46.415
364.389
-159.584
37.0141
-114.12
193.983
65.8737
-203.646
15.4941
174.324
-67.2761
116.093
301.748
205.849
19.7708
-31.2464
82.9209
-17.5303
-193.202
43.0492
-190.488
-54.7204
-92.8326
132.719
24.6889
-288.487
-87.6545
218.615
-82.5751
110.963
-74.71
205.141
-80.5747
-312.914
7.45445
108.742
83.6637
-131.506
-281.653
-69.5975
-117.234
9.32064
30.2165
118.747
13.6211
62.448
14.949
106.659
-10.3181
-89.6159
6.93265
-4.95147
95.2677
-143.94
138.856
-96.5368
147.945
12.4595
26.491
82.3007
-67.1488
115.848
143.914
-15.7985
-55.1375
180.273
117.578
-18.062
-26.7723
-86.0431
30.4305
-50.0708
-13.1111
-12.7175
76.5391
-94.9588
80.777
120.583
325.944
25.8031
-47.0587
171.407
126.609
126.594
221.555
50.159
-265.052
-102.83
-226.02
-97.002
143.815
255
255
255
255
255
255
255
255
255
255
255
255
255
255
255
255
255
255
255
255
255
255
255
255
255
255
255
255
255
255
255
255
255
255
255
255
255
255
255
255
255
255
255
255
255
255
255
255
255
255
255
255
255
255
255
255
255
255
255
255
255
255
255
255
255
255
255
255
255
255
255
