209
-561.055
148.961
1287.42
-211.196
-102.53
207.862
-593.075
604.201
-14.5163
134.528
643.265
-33.2684
157.599
-261.526
-557.158
109.219
-75.1021
144.912
343.398
448.854
251.022
69.8501
-408.238
-80.3822
58.1997
79.4992
-126.584
468.475
-414.781
-295.884
-827.388
-287.784
-253.45
-126.08
134.469
178.884
183.253
-220.001
-389.926
46.6256
-469.284
51.3346
-360.493
71.6557
361.081
337.171
33.3552
360.517
-120.1
70.5493
-102.929
121.9
-29.5219
-280.021
-17.118
148.614
-85.4172
88.8583
261.568
189.925
30.5869
35.3219
100.857
9.64898
-231.256
46.6572
-164.842
-12.1057
-62.6263
145.48
-4.59546
-265.877
-98.1371
214.259
-81.9741
129.682
-94.8593
204.566
-47.325
-317.865
35.6071
128.564
63.1257
-134.068
-284.514
-78.1719
-138.731
30.3938
32.4517
111.394
20.1216
52.1132
24.3173
107.172
-10.3181
-89.6159
6.93265
-4.95147
95.2677
-143.94
138.856
-96.5368
147.945
12.4595
26.491
82.3007
-67.1488
115.848
143.914
-15.7985
-55.1375
180.273
117.578
-18.062
-26.7723
-86.0431
30.4305
-50.0708
-13.1111
-12.7175
76.5391
-94.9588
80.777
120.583
325.944
25.8031
-47.0587
171.407
126.609
126.594
221.555
50.159
-265.052
-102.83
-226.02
-97.002
143.815
255
255
255
255
255
255
255
255
255
255
255
255
255
255
255
255
255
255
255
255
255
255
255
255
255
255
255
255
255
255
255
255
255
255
255
255
255
255
255
255
255
255
255
255
255
255
255
255
255
255
255
255
255
255
255
255
255
255
255
255
255
255
255
255
255
255
255
255
255
255
255
