209
-811.41
33.0106
1259.76
-68.0508
-8.36347
200.272
-631.434
584.013
-44.768
-0.389039
714.953
94.6995
130.296
-395.785
-474.245
55.4402
-1.37613
131.302
285.038
284.17
151.362
102.449
-451.478
-50.1167
-38.4174
91.35
-164.473
671.792
-336.852
-284.675
-748.343
-89.007
-256.932
-245.517
112.534
192.6
-98.4077
-135.411
-277.179
61.9297
-447.704
30.7985
-305.806
184.414
311.884
362.608
174.196
355.993
-183.871
46.8742
-93.6562
165.546
90.4531
-188.102
60.881
183.212
-49.8136
174.922
406.685
226.3
1.36076
26.7717
92.2268
22.3458
-195.602
38.462
-153.872
-81.2619
-87.2468
161.049
29.8286
-257.99
-97.5427
228.902
-69.3778
131.86
-106.238
208.231
-28.2014
-277.659
23.4496
130.48
52.4083
-116.961
-264.89
-71.8718
-148.897
38.7283
37.9935
116.114
27.833
53.9806
20.0437
108.745
-10.3181
-89.6159
6.93265
-4.95147
95.2677
-143.94
138.856
-96.5368
147.945
12.4595
26.491
82.3007
-67.1488
115.848
143.914
-15.7985
-55.1375
180.273
117.578
-18.062
-26.7723
-86.0431
30.4305
-50.0708
-13.1111
-12.7175
76.5391
-94.9588
80.777
120.583
325.944
25.8031
-47.0587
171.407
126.609
126.594
221.555
50.159
-265.052
-102.83
-226.02
-97.002
143.815
255
255
255
255
255
255
255
255
255
255
255
255
255
255
255
255
255
255
255
255
255
255
255
255
255
255
255
255
255
255
255
255
255
255
255
255
255
255
255
255
255
255
255
255
255
255
255
255
255
255
255
255
255
255
255
255
255
255
255
255
255
255
255
255
255
255
255
255
255
255
255
