209
-884.418
401.81
497.868
-370.734
-194.394
-94.2524
-454.649
438.018
-59.3455
198.16
658.232
63.3467
194.066
-310.98
-421.18
102.309
-116.062
189.89
413.678
369.857
98.8164
-78.7949
-425.391
82.966
52.4327
1.29004
-103.688
548.017
-418.448
-144.755
-757.17
-171.118
-280.714
-169.26
52.0501
210.609
35.0561
-172.104
-421.209
-41.7238
-442.044
18.491
-336.513
302.463
288.663
411.121
141.608
342.261
-205.708
33.742
-18.8825
211.93
55.7253
-289.385
7.64424
232.656
-10.4832
60.3841
311.9
161.807
15.1864
44.0024
129.481
36.0259
-217.811
66.9939
-174.848
-70.789
-85.8658
83.8351
-8.90833
-283.875
-80.3825
202.347
-96.6958
148.82
-73.8355
225.295
-44.2864
-288.639
12.3515
131.394
77.6263
-119.94
-267.701
-71.2448
-148.095
21.5784
31.9165
122.419
14.1128
59.2359
16.9037
106.728
-10.3181
-89.6159
6.93265
-4.95147
95.2677
-143.94
138.856
-96.5368
147.945
12.4595
26.491
82.3007
-67.1488
115.848
143.914
-15.7985
-55.1375
180.273
117.578
-18.062
-26.7723
-86.0431
30.4305
-50.0708
-13.1111
-12.7175
76.5391
-94.9588
80.777
120.583
325.944
25.8031
-47.0587
171.407
126.609
126.594
221.555
50.159
-265.052
-102.83
-226.02
-97.002
143.815
255
255
255
255
255
255
255
255
255
255
255
255
255
255
255
255
255
255
255
255
255
255
255
255
255
255
255
255
255
255
255
255
255
255
255
255
255
255
255
255
255
255
255
255
255
255
255
255
255
255
255
255
255
255
255
255
255
255
255
255
255
255
255
255
255
255
255
255
255
255
255
