209
-840.847
12.0368
1007.49
106.648
-23.2273
416.865
-400.846
572.576
-62.3532
155.024
682.47
-54.5785
66.0835
-329.104
-473.522
170.993
-240.783
215.584
532.379
36.8576
80.4246
-138.976
-313.041
170.435
-169.915
74.1658
-112.263
515.295
-425.232
-302.2
-747.266
-225.188
-393.804
-74.9356
107.074
185.317
42.4859
-264.569
-331.249
87.9584
-516.763
16.0439
-277.573
177.61
262.102
436.523
91.4713
412.521
-111.423
60.7016
-147.277
110.843
33.9831
-242.647
-27.9297
214.849
-55.2883
138.931
294.86
100.91
32.3338
17.2711
119.509
-37.2568
-190.153
48.7306
-191.008
-134.931
-99.9743
132.718
25.7327
-277.225
-81.9488
214.842
-84.0923
121.224
-100.971
188.084
-47.5628
-293.446
19.8574
125.61
49.7916
-121.855
-281.616
-66.871
-126.409
24.2288
35.0998
114.905
21.5626
57.1284
13.7168
107.074
-10.3181
-89.6159
6.93265
-4.95147
95.2677
-143.94
138.856
-96.5368
147.945
12.4595
26.491
82.3007
-67.1488
115.848
143.914
-15.7985
-55.1375
180.273
117.578
-18.062
-26.7723
-86.0431
30.4305
-50.0708
-13.1111
-12.7175
76.5391
-94.9588
80.777
120.583
325.944
25.8031
-47.0587
171.407
126.609
126.594
221.555
50.159
-265.052
-102.83
-226.02
-97.002
143.815
255
255
255
255
255
255
255
255
255
255
255
255
255
255
255
255
255
255
255
255
255
255
255
255
255
255
255
255
255
255
255
255
255
255
255
255
255
255
255
255
255
255
255
255
255
255
255
255
255
255
255
255
255
255
255
255
255
255
255
255
255
255
255
255
255
255
255
255
255
255
255
