209
-882.59
479.428
755.578
-223.956
-386.619
59.8044
-348.38
509.042
-91.7207
164.084
479.909
216.454
-38.4684
-172.733
-315.815
147.012
-215.136
240.214
333.959
288.114
157.615
75.5317
-390.306
-124.389
60.3723
92.214
-152.428
486.527
-291.858
-48.3133
-855.535
-315.771
-410.445
-155.632
67.2625
163.976
35.9193
-290.749
-282.484
12.4696
-437.967
61.1882
-437.315
100.038
316.712
489.503
116.352
376.121
-31.0616
46.9986
-89.824
154.126
120.53
-242.997
-28.2699
188.401
-20.8692
111.691
352.279
211.169
-36.1012
-18.5298
80.9581
-4.49844
-196.912
61.2477
-189.261
-22.8941
-109.54
157.762
64.0516
-286.56
-95.1813
225.385
-125.241
138.426
-101.389
199.271
-54.3886
-288.533
8.19299
119.469
44.8712
-119.793
-279.801
-74.7891
-137.901
27.5319
33.1437
121.912
22.3281
57.1342
16.1483
105.737
-10.3181
-89.6159
6.93265
-4.95147
95.2677
-143.94
138.856
-96.5368
147.945
12.4595
26.491
82.3007
-67.1488
115.848
143.914
-15.7985
-55.1375
180.273
117.578
-18.062
-26.7723
-86.0431
30.4305
-50.0708
-13.1111
-12.7175
76.5391
-94.9588
80.777
120.583
325.944
25.8031
-47.0587
171.407
126.609
126.594
221.555
50.159
-265.052
-102.83
-226.02
-97.002
143.815
255
255
255
255
255
255
255
255
255
255
255
255
255
255
255
255
255
255
255
255
255
255
255
255
255
255
255
255
255
255
255
255
255
255
255
255
255
255
255
255
255
255
255
255
255
255
255
255
255
255
255
255
255
255
255
255
255
255
255
255
255
255
255
255
255
255
255
255
255
255
255
