209
-891.174
128.575
1186.03
-169.358
32.2977
219.734
-595.921
613.423
-132.26
69.4119
614.082
178.839
68.9123
-372.736
-517.143
182.07
-8.51587
110.404
348.425
316.005
207.716
152.197
-486.585
-17.4521
25.1994
101.505
-176.044
559.534
-362.965
-295.126
-851.75
-222.785
-263.432
-205.15
185.646
148.862
69.7864
-217.092
-378.449
49.6119
-506.932
73.1516
-316.019
136.089
262.24
450.392
52.6786
304.443
-45.2231
14.9387
-105.843
115.077
76.6098
-236.618
-0.276054
228.222
6.90522
147.308
373.341
148.876
-30.0557
-19.8696
127.244
-6.28534
-203.764
106.246
-197.641
-52.6046
-95.673
125.742
-33.3333
-255.583
-76.7058
237.126
-67.0099
136.923
-69.6326
220.276
-46.9657
-249.193
21.2671
113.195
73.2205
-125.267
-292.077
-83.7873
-129.813
31.6273
47.7935
114.386
8.52384
56.8645
14.3413
103.349
-10.3181
-89.6159
6.93265
-4.95147
95.2677
-143.94
138.856
-96.5368
147.945
12.4595
26.491
82.3007
-67.1488
115.848
143.914
-15.7985
-55.1375
180.273
117.578
-18.062
-26.7723
-86.0431
30.4305
-50.0708
-13.1111
-12.7175
76.5391
-94.9588
80.777
120.583
325.944
25.8031
-47.0587
171.407
126.609
126.594
221.555
50.159
-265.052
-102.83
-226.02
-97.002
143.815
255
255
255
255
255
255
255
255
255
255
255
255
255
255
255
255
255
255
255
255
255
255
255
255
255
255
255
255
255
255
255
255
255
255
255
255
255
255
255
255
255
255
255
255
255
255
255
255
255
255
255
255
255
255
255
255
255
255
255
255
255
255
255
255
255
255
255
255
255
255
255
