209
7.24013
365.633
933.27
-62.8899
321.469
106.691
-757.43
440.481
88.0978
251.973
523.556
-48.0838
113.507
-340.758
-449.264
227.208
27.6741
278.333
238.813
232.504
183.061
-22.3167
-421.7
-67.6715
5.96712
185.776
-109.017
552.407
-344.721
-166.149
-913.907
-209.009
-256.536
-78.0055
113.332
217.624
-42.8133
-159.486
-382.426
-21.3802
-480.026
-26.6706
-333.098
92.6254
305.412
426.231
102.426
321.237
-111.757
47.1989
-168.152
215.162
77.0335
-264.474
0.276317
171.132
16.0126
165.194
291.799
160.573
32.1706
15.5354
138.003
-0.367143
-241.066
63.361
-224.764
-56.2153
-128.295
144.282
64.561
-264.193
-90.4078
185.041
-55.4573
123.517
-85.7397
229.548
-28.3643
-294.708
18.9854
99.8217
57.9409
-107.441
-270.305
-92.3897
-138.792
21.9421
27.3927
111.974
13.5567
55.0534
15.0836
108.784
-10.3181
-89.6159
6.93265
-4.95147
95.2677
-143.94
138.856
-96.5368
147.945
12.4595
26.491
82.3007
-67.1488
115.848
143.914
-15.7985
-55.1375
180.273
117.578
-18.062
-26.7723
-86.0431
30.4305
-50.0708
-13.1111
-12.7175
76.5391
-94.9588
80.777
120.583
325.944
25.8031
-47.0587
171.407
126.609
126.594
221.555
50.159
-265.052
-102.83
-226.02
-97.002
143.815
255
255
255
255
255
255
255
255
255
255
255
255
255
255
255
255
255
255
255
255
255
255
255
255
255
255
255
255
255
255
255
255
255
255
255
255
255
255
255
255
255
255
255
255
255
255
255
255
255
255
255
255
255
255
255
255
255
255
255
255
255
255
255
255
255
255
255
255
255
255
255
