209
-811.774
497.344
815.776
164.446
83.7552
252.339
-409.391
723.667
33.6867
62.7835
592.584
27.3068
-29.8153
-324.398
-377.609
422.117
-238.48
262.259
460.48
480.415
202.272
52.0867
-331.759
-208.149
180.295
-76.7979
-183.413
612.537
-114.422
-296.261
-815.071
-226.99
-212.609
-41.2345
107.603
284.8
49.2546
-189.501
-363.554
58.5064
-469.302
-6.14504
-366.28
129.676
339.35
372.41
145.823
318.556
-224.608
27.4003
-162.203
115.643
88.6112
-230.027
10.9896
224.106
-7.39434
86.0658
295.598
163.423
11.0376
-4.24226
126.196
-26.893
-115.288
47.5762
-199.227
-60.655
-75.9776
135.026
-6.72321
-239.677
-119.442
205.022
-78.2753
124.653
-106.493
211.429
-53.6108
-280.182
7.45492
134.041
60.5137
-110.726
-273.336
-79.7446
-130.377
26.6889
34.6917
114.88
17.5963
59.3221
15.0914
108.215
-10.3181
-89.6159
6.93265
-4.95147
95.2677
-143.94
138.856
-96.5368
147.945
12.4595
26.491
82.3007
-67.1488
115.848
143.914
-15.7985
-55.1375
180.273
117.578
-18.062
-26.7723
-86.0431
30.4305
-50.0708
-13.1111
-12.7175
76.5391
-94.9588
80.777
120.583
325.944
25.8031
-47.0587
171.407
126.609
126.594
221.555
50.159
-265.052
-102.83
-226.02
-97.002
143.815
255
255
255
255
255
255
255
255
255
255
255
255
255
255
255
255
255
255
255
255
255
255
255
255
255
255
255
255
255
255
255
255
255
255
255
255
255
255
255
255
255
255
255
255
255
255
255
255
255
255
255
255
255
255
255
255
255
255
255
255
255
255
255
255
255
255
255
255
255
255
255
