209
-832.639
115.082
1002.54
78.1054
-81.69
423.636
-429.155
514.757
-117.561
62.5586
592.575
-127.022
99.6888
-289.201
-458.202
223.914
-74.2174
149.37
283.922
415.382
-41.2982
124.186
-328.612
-260.492
28.0934
233.448
-97.1999
510.779
-361.291
-128.663
-949.487
-209.818
-265.157
-233.864
199.866
64.9684
53.8119
-249.08
-319.984
238.395
-394.165
-39.1982
-459.816
227.875
203.053
474.852
87.5079
259.876
-156.342
-48.9765
-120.839
163.66
0.326589
-300.473
-29.5316
204.058
5.67948
82.8027
306.732
172.957
12.2678
13.6234
110.843
16.7183
-188.644
47.5349
-217.826
-97.863
-92.7897
128.825
22.8856
-280.862
-94.326
215.979
-73.6014
135.972
-98.1789
203.072
-33.1197
-284.152
20.1232
115.57
66.9435
-126.57
-263.289
-62.6511
-136.007
28.8577
38.6414
112.264
19.671
56.2812
18.3352
109.052
-10.3181
-89.6159
6.93265
-4.95147
95.2677
-143.94
138.856
-96.5368
147.945
12.4595
26.491
82.3007
-67.1488
115.848
143.914
-15.7985
-55.1375
180.273
117.578
-18.062
-26.7723
-86.0431
30.4305
-50.0708
-13.1111
-12.7175
76.5391
-94.9588
80.777
120.583
325.944
25.8031
-47.0587
171.407
126.609
126.594
221.555
50.159
-265.052
-102.83
-226.02
-97.002
143.815
255
255
255
255
255
255
255
255
255
255
255
255
255
255
255
255
255
255
255
255
255
255
255
255
255
255
255
255
255
255
255
255
255
255
255
255
255
255
255
255
255
255
255
255
255
255
255
255
255
255
255
255
255
255
255
255
255
255
255
255
255
255
255
255
255
255
255
255
255
255
255
