209
103.823
449.995
803.325
-65.8544
-4.37976
318.138
-631.794
755.142
187.702
54.4702
656.323
163.407
-81.6007
-272.295
-633.772
73.9143
-201.69
152.47
167.533
147.803
142.08
48.018
-417.998
72.051
124.25
62.1053
-112.088
590.13
-279.099
-221.625
-789.08
-210.878
-218.812
-256.741
150.377
187.386
46.8963
-114.033
-353.717
15.7873
-464.07
48.6817
-406.932
186.499
276.574
444.365
125.514
340.394
-119.912
-23.4055
-67.3234
192.454
59.1489
-292.713
-32.2559
163.354
15.4483
113.007
293.941
143.755
-11.1579
49.4383
98.4659
-11.806
-186.635
56.816
-188.876
-58.2308
-68.8806
149.564
5.25184
-255.196
-61.9115
209.041
-84.5797
132.259
-74.8444
193.839
-74.9876
-271.024
21.2825
114.681
46.1839
-115.889
-279.551
-72.6018
-133.651
23.1554
36.5324
102.729
29.2462
68.9467
21.5213
108.01
-10.3181
-89.6159
6.93265
-4.95147
95.2677
-143.94
138.856
-96.5368
147.945
12.4595
26.491
82.3007
-67.1488
115.848
143.914
-15.7985
-55.1375
180.273
117.578
-18.062
-26.7723
-86.0431
30.4305
-50.0708
-13.1111
-12.7175
76.5391
-94.9588
80.777
120.583
325.944
25.8031
-47.0587
171.407
126.609
126.594
221.555
50.159
-265.052
-102.83
-226.02
-97.002
143.815
255
255
255
255
255
255
255
255
255
255
255
255
255
255
255
255
255
255
255
255
255
255
255
255
255
255
255
255
255
255
255
255
255
255
255
255
255
255
255
255
255
255
255
255
255
255
255
255
255
255
255
255
255
255
255
255
255
255
255
255
255
255
255
255
255
255
255
255
255
255
255
