209
-726.436
-210.872
529.814
341.313
-55.8264
-188.926
-128.184
572.124
88.3285
-115.823
412.37
-227.331
-108.712
-441.087
-525.167
-81.5734
-85.3235
167.829
273.973
265.007
250.683
-1.77077
-481.124
-53.9328
-117.98
88.4712
-96.9069
637.301
-193.51
-42.5676
-761.211
-198.553
-132.11
-191.948
179.413
109.393
63.5973
-207.26
-440.08
95.871
-442.956
85.7183
-292.919
218.761
349.338
477.437
-27.8768
318.634
-178.75
95.8669
-86.9301
140.868
78.6828
-211.524
-8.76325
131.175
-13.3536
142.231
293.122
141.915
3.79678
-15.3361
79.7564
-15.7297
-200.479
88.4506
-224.07
-45.0516
-72.3551
126.166
26.4899
-252.88
-104.088
212.979
-78.0249
132.838
-91.6216
211.854
-43.9834
-285.073
14.4839
131.415
52.1836
-123.449
-274.726
-70.9548
-138.15
26.4921
34.8575
115.743
18.7411
57.2232
17.6133
107.492
-10.3181
-89.6159
6.93265
-4.95147
95.2677
-143.94
138.856
-96.5368
147.945
12.4595
26.491
82.3007
-67.1488
115.848
143.914
-15.7985
-55.1375
180.273
117.578
-18.062
-26.7723
-86.0431
30.4305
-50.0708
-13.1111
-12.7175
76.5391
-94.9588
80.777
120.583
325.944
25.8031
-47.0587
171.407
126.609
126.594
221.555
50.159
-265.052
-102.83
-226.02
-97.002
143.815
255
255
255
255
255
255
255
255
255
255
255
255
255
255
255
255
255
255
255
255
255
255
255
255
255
255
255
255
255
255
255
255
255
255
255
255
255
255
255
255
255
255
255
255
255
255
255
255
255
255
255
255
255
255
255
255
255
255
255
255
255
255
255
255
255
255
255
255
255
255
255
