209
-611.361
220.469
689.045
-35.2569
593.978
193.139
-510.896
371.407
-49.757
102.629
716.621
-45.616
-120.89
-84.1182
-511.913
232.925
-64.5383
142.186
423.042
177.972
267.868
296.617
-478.037
-4.7459
66.3349
-130.869
-77.446
535.567
-488.281
-75.1015
-755.462
-244.836
-290.027
-380.108
107.92
103.39
33.5886
-163.652
-373.419
76.4736
-389.664
59.7218
-341.204
149.684
325.889
403.549
81.9441
357.439
-110.758
45.619
-126.184
149.611
115.741
-273.821
43.8388
272.452
-9.76835
90.7298
278.419
196.038
-7.00302
10.939
92.5703
-53.2654
-223.845
25.5354
-218.248
-78.5541
-117.676
142.218
-7.11153
-273.12
-133.254
184.024
-70.52
121.888
-95.0629
193.562
-39.8674
-283.547
24.0134
125.027
59.1128
-126.339
-278.971
-72.5716
-136.139
24.9479
36.0826
117.072
20.6399
56.8636
18.4888
107.625
-10.3181
-89.6159
6.93265
-4.95147
95.2677
-143.94
138.856
-96.5368
147.945
12.4595
26.491
82.3007
-67.1488
115.848
143.914
-15.7985
-55.1375
180.273
117.578
-18.062
-26.7723
-86.0431
30.4305
-50.0708
-13.1111
-12.7175
76.5391
-94.9588
80.777
120.583
325.944
25.8031
-47.0587
171.407
126.609
126.594
221.555
50.159
-265.052
-102.83
-226.02
-97.002
143.815
255
255
255
255
255
255
255
255
255
255
255
255
255
255
255
255
255
255
255
255
255
255
255
255
255
255
255
255
255
255
255
255
255
255
255
255
255
255
255
255
255
255
255
255
255
255
255
255
255
255
255
255
255
255
255
255
255
255
255
255
255
255
255
255
255
255
255
255
255
255
255
