209
-538.045
573.555
605.945
18.7801
60.9722
22.8147
-566.29
760.741
-76.8704
-20.4389
684.359
-49.8696
358.058
-368.481
-452.98
305.739
-83.4361
54.7217
320.661
189.786
-74.6305
1.02144
-419.935
-15.5883
93.4506
67.5439
-242.69
554.075
-334.884
-204.047
-784.815
-175.15
-285.762
-133.139
114.064
36.2726
-105.752
-171.099
-424.486
-43.8578
-423.752
15.8526
-379.199
160.001
293.113
546.928
12.2512
330.023
-211.505
59.0712
-179.973
159.853
80.9511
-261.79
38.573
192.374
-40.381
115.989
282.245
183.238
-16.5609
62.7282
117.051
38.5468
-195.53
36.4425
-230.642
-62.5309
-91.4239
178.479
-27.3112
-238.145
-108.564
235.517
-118.026
119.172
-91.2009
201.392
-40.5935
-292.734
16.0673
111.894
47.217
-134.776
-286.474
-75.1254
-135.348
27.7106
38.5305
114.241
20.1812
52.9175
17.8404
104.704
-10.3181
-89.6159
6.93265
-4.95147
95.2677
-143.94
138.856
-96.5368
147.945
12.4595
26.491
82.3007
-67.1488
115.848
143.914
-15.7985
-55.1375
180.273
117.578
-18.062
-26.7723
-86.0431
30.4305
-50.0708
-13.1111
-12.7175
76.5391
-94.9588
80.777
120.583
325.944
25.8031
-47.0587
171.407
126.609
126.594
221.555
50.159
-265.052
-102.83
-226.02
-97.002
143.815
255
255
255
255
255
255
255
255
255
255
255
255
255
255
255
255
255
255
255
255
255
255
255
255
255
255
255
255
255
255
255
255
255
255
255
255
255
255
255
255
255
255
255
255
255
255
255
255
255
255
255
255
255
255
255
255
255
255
255
255
255
255
255
255
255
255
255
255
255
255
255
