209
-535.392
333.214
683.442
245.471
-7.27456
599.015
-415.623
229.954
160.059
88.8011
726.77
248.611
58.2884
-322.427
-854.477
173.009
-239.248
150.527
443.803
270.006
1.39202
70.7209
-471.843
-184.461
-32.5578
-91.206
-53.7847
576.282
-246.691
-224.184
-767.909
-187.543
-326.306
-156.076
104.548
107.895
84.8272
-133.294
-289.726
-11.0963
-398.353
71.5002
-282.771
213.436
358.251
491.902
15.8113
272.692
-150.002
29.4969
-187.301
191.064
26.1836
-360.134
-25.7671
169.516
-43.446
131.24
358.862
196.829
4.75504
30.893
76.4145
-31.6201
-215.921
21.9917
-151.399
-52.7619
-112.704
136.059
33.0896
-255.256
-87.3635
235.303
-80.1152
135.462
-81.4918
230.362
-41.5822
-282.998
7.22517
130.2
62.7784
-123.089
-275.858
-82.1128
-128.506
27.5528
33.4609
117.102
16.1339
55.789
16.3118
108.293
-10.3181
-89.6159
6.93265
-4.95147
95.2677
-143.94
138.856
-96.5368
147.945
12.4595
26.491
82.3007
-67.1488
115.848
143.914
-15.7985
-55.1375
180.273
117.578
-18.062
-26.7723
-86.0431
30.4305
-50.0708
-13.1111
-12.7175
76.5391
-94.9588
80.777
120.583
325.944
25.8031
-47.0587
171.407
126.609
126.594
221.555
50.159
-265.052
-102.83
-226.02
-97.002
143.815
255
255
255
255
255
255
255
255
255
255
255
255
255
255
255
255
255
255
255
255
255
255
255
255
255
255
255
255
255
255
255
255
255
255
255
255
255
255
255
255
255
255
255
255
255
255
255
255
255
255
255
255
255
255
255
255
255
255
255
255
255
255
255
255
255
255
255
255
255
255
255
