209
-419.42
271.971
944.312
174.061
-86.485
535.678
-237.448
219.309
-216.651
-191.988
733.329
138.193
151.62
-385.937
-524.029
152.546
-75.4843
164.388
315.761
365.477
173.02
181.117
-430.669
-78.8868
47.6592
-52.6674
-166.496
590.789
-294.279
-296.423
-634.606
-206.734
-373.089
-112.515
26.5269
88.3999
60.9776
-181.152
-408.549
74.3263
-515.865
113.524
-413.427
138.068
304.642
394.519
157.036
262.367
-213.465
21.7046
-20.8251
119.598
127.066
-330.24
13.1123
205.572
-10.8666
147.115
293.207
145.288
20.6122
-9.19236
108.825
50.0321
-230.999
71.6032
-264.461
-62.7854
-78.1096
115.159
43.8675
-272.152
-79.7967
218.734
-66.5066
127.454
-89.5113
206.188
-41.2814
-294.245
23.835
107.104
43.8736
-119.484
-286.854
-73.0628
-135.757
24.3895
31.336
114.103
23.0692
52.941
15.7632
105.202
-10.3181
-89.6159
6.93265
-4.95147
95.2677
-143.94
138.856
-96.5368
147.945
12.4595
26.491
82.3007
-67.1488
115.848
143.914
-15.7985
-55.1375
180.273
117.578
-18.062
-26.7723
-86.0431
30.4305
-50.0708
-13.1111
-12.7175
76.5391
-94.9588
80.777
120.583
325.944
25.8031
-47.0587
171.407
126.609
126.594
221.555
50.159
-265.052
-102.83
-226.02
-97.002
143.815
255
255
255
255
255
255
255
255
255
255
255
255
255
255
255
255
255
255
255
255
255
255
255
255
255
255
255
255
255
255
255
255
255
255
255
255
255
255
255
255
255
255
255
255
255
255
255
255
255
255
255
255
255
255
255
255
255
255
255
255
255
255
255
255
255
255
255
255
255
255
255
