209
-857.237
508.418
550.591
-315.425
-296.504
-44.331
-492.433
420.801
-24.3488
155.452
638.219
181.159
228.662
-252.464
-341.904
90.7873
76.7916
185.741
316.647
264.09
98.1552
-31.746
-545.493
113.475
117.14
-54.5749
-13.1488
513.99
-415.454
-260.592
-868.423
-44.1646
-228.919
-135.065
208.213
-4.74452
-29.6129
-168.911
-413.522
176.208
-445.819
114.4
-324.757
100.863
366.546
398.184
111.049
203.294
-148.068
-16.8291
-151.455
122.292
77.0121
-257.838
-65.7609
231.585
-1.62377
145.368
311.136
151.276
55.7412
10.3661
116.937
-54.2349
-164.074
36.6576
-170.766
-31.9395
-82.9391
142.877
41.3347
-261.806
-104.105
227.991
-76.051
109.45
-78.3377
203.264
-53.5685
-296.348
18.7488
118.951
52.5532
-113.994
-274.167
-68.852
-132.336
25.1669
37.0913
117.65
20.2205
56.8127
18.0913
107.307
-10.3181
-89.6159
6.93265
-4.95147
95.2677
-143.94
138.856
-96.5368
147.945
12.4595
26.491
82.3007
-67.1488
115.848
143.914
-15.7985
-55.1375
180.273
117.578
-18.062
-26.7723
-86.0431
30.4305
-50.0708
-13.1111
-12.7175
76.5391
-94.9588
80.777
120.583
325.944
25.8031
-47.0587
171.407
126.609
126.594
221.555
50.159
-265.052
-102.83
-226.02
-97.002
143.815
255
255
255
255
255
255
255
255
255
255
255
255
255
255
255
255
255
255
255
255
255
255
255
255
255
255
255
255
255
255
255
255
255
255
255
255
255
255
255
255
255
255
255
255
255
255
255
255
255
255
255
255
255
255
255
255
255
255
255
255
255
255
255
255
255
255
255
255
255
255
255
