209
-109.994
213.288
782.077
222.434
90.192
396.994
-167.892
287.911
-7.84271
158.267
488.906
-99.8188
253.917
-308.378
-289.147
60.9932
-134.473
190.49
479.81
251.307
222.395
0.590447
-199.478
64.8324
336.247
114.423
-188.125
534.078
-259.889
-230.581
-869.382
-116.018
-221.622
-257.94
32.1388
89.425
41.0973
-163.002
-364.618
90.2068
-485.821
3.81749
-306.261
189.256
300.777
412.267
126.771
390.612
-110.508
-6.63986
-116.326
202.335
93.4264
-323.803
17.5247
213.356
-55.9767
162.349
332.654
123.986
3.16718
4.14743
97.9826
-12.6804
-235.613
104.779
-193.841
-29.8687
-89.9244
179.14
7.36499
-265.423
-115.556
256.752
-71.581
130.213
-94.5815
210.591
-45.9893
-288.598
19.6656
129.829
61.2782
-139.095
-266.464
-73.2434
-127.469
28.4287
31.8211
118.954
17.147
59.6234
18.4913
108.25
-10.3181
-89.6159
6.93265
-4.95147
95.2677
-143.94
138.856
-96.5368
147.945
12.4595
26.491
82.3007
-67.1488
115.848
143.914
-15.7985
-55.1375
180.273
117.578
-18.062
-26.7723
-86.0431
30.4305
-50.0708
-13.1111
-12.7175
76.5391
-94.9588
80.777
120.583
325.944
25.8031
-47.0587
171.407
126.609
126.594
221.555
50.159
-265.052
-102.83
-226.02
-97.002
143.815
255
255
255
255
255
255
255
255
255
255
255
255
255
255
255
255
255
255
255
255
255
255
255
255
255
255
255
255
255
255
255
255
255
255
255
255
255
255
255
255
255
255
255
255
255
255
255
255
255
255
255
255
255
255
255
255
255
255
255
255
255
255
255
255
255
255
255
255
255
255
255
