209
-1001.98
190.69
1060.71
73.1812
13.9645
437.469
-522.716
545.294
-2.5271
177.941
666.189
20.4407
12.5825
-367.591
-523.118
205.452
-137.342
127.634
305.965
220.593
99.8135
22.2099
-520.956
-9.52045
16.6669
-19.1491
-54.1549
539.959
-305.994
-283.464
-895.926
-170.252
-267.161
-159.568
199.646
49.7365
-20.8163
-184.008
-430.199
-54.6485
-428.192
56.0051
-386.791
225.821
204.302
419.642
31.5541
397.769
-193.08
68.0578
-98.7161
171.153
94.3709
-270.664
-24.6616
233.187
-36.5552
50.8363
329.498
151.439
-6.45899
-1.37443
160.983
27.4103
-217.563
64.8543
-185.927
23.1817
-91.1096
113.485
49.0304
-269.644
-98.6623
221.559
-49.3165
106.583
-132.957
167.802
-50.1827
-267.132
29.2283
122.078
50.276
-124.608
-264.589
-84.829
-127.727
28.085
31.235
118.637
19.0591
58.3219
17.5578
107.62
-10.3181
-89.6159
6.93265
-4.95147
95.2677
-143.94
138.856
-96.5368
147.945
12.4595
26.491
82.3007
-67.1488
115.848
143.914
-15.7985
-55.1375
180.273
117.578
-18.062
-26.7723
-86.0431
30.4305
-50.0708
-13.1111
-12.7175
76.5391
-94.9588
80.777
120.583
325.944
25.8031
-47.0587
171.407
126.609
126.594
221.555
50.159
-265.052
-102.83
-226.02
-97.002
143.815
255
255
255
255
255
255
255
255
255
255
255
255
255
255
255
255
255
255
255
255
255
255
255
255
255
255
255
255
255
255
255
255
255
255
255
255
255
255
255
255
255
255
255
255
255
255
255
255
255
255
255
255
255
255
255
255
255
255
255
255
255
255
255
255
255
255
255
255
255
255
255
