209
-643.646
-313.373
575.584
-87.6143
-32.6627
436.146
-419.653
647.979
-223.717
-70.2169
852.242
-92.819
123.884
-211.022
-524.18
256.846
-9.70932
214.381
338.839
286.224
91.0359
47.7581
-353.848
-30.8943
66.6328
50.806
-172.757
474.435
-236.5
-261.519
-901.638
-268.84
-262.782
-124.139
69.6953
179.462
-8.76407
-14.0965
-497.827
41.8414
-441.984
103.043
-352.206
215.834
279.496
459.274
63.2404
335.613
-66.0118
-60.0296
-76.6467
147.418
120.535
-179.012
-44.0207
210.037
18.672
120.63
320.818
201.737
73.7423
69.0893
121.483
-9.04482
-236.82
44.9928
-188.017
-52.7892
-115.379
125.702
54.8825
-253.4
-116.375
210.153
-79.6944
156.148
-104.427
223.715
-55.0235
-293.832
17.0239
144.1
62.3934
-133.036
-285.895
-72.6628
-126.143
33.9457
34.1386
111.468
22.2302
56.8302
16.8439
105.29
-10.3181
-89.6159
6.93265
-4.95147
95.2677
-143.94
138.856
-96.5368
147.945
12.4595
26.491
82.3007
-67.1488
115.848
143.914
-15.7985
-55.1375
180.273
117.578
-18.062
-26.7723
-86.0431
30.4305
-50.0708
-13.1111
-12.7175
76.5391
-94.9588
80.777
120.583
325.944
25.8031
-47.0587
171.407
126.609
126.594
221.555
50.159
-265.052
-102.83
-226.02
-97.002
143.815
255
255
255
255
255
255
255
255
255
255
255
255
255
255
255
255
255
255
255
255
255
255
255
255
255
255
255
255
255
255
255
255
255
255
255
255
255
255
255
255
255
255
255
255
255
255
255
255
255
255
255
255
255
255
255
255
255
255
255
255
255
255
255
255
255
255
255
255
255
255
255
