209
-949.801
328.623
1045.21
-14.842
26.7927
298.153
-477.989
594.768
145.593
79.4305
558.2
5.94561
-104.672
-423.828
-493.517
347.133
-118.312
140.546
332.36
370.703
262.862
39.6582
-504.803
49.6774
-67.5108
-29.4006
-132.765
563.181
-304.06
-217.046
-809.22
-258.564
-402.482
-146.231
92.5297
144.501
-27.8818
-227.524
-475.141
51.8476
-457.112
-45.8042
-348.801
188.375
288.368
392.312
87.6919
313.896
-170.098
-71.1995
-100.402
205.186
28.529
-271.006
-0.351736
234.424
-1.71795
159.622
268.964
193.741
6.77392
-24.4417
70.8249
-8.17991
-262.388
95.5305
-198.699
-50.9782
-129.742
145.938
34.7526
-195.207
-84.87
228.256
-109.616
92.9501
-69.1763
199.251
-62.2842
-294.882
16.1289
131.055
62.5677
-123.703
-256.353
-65.2583
-131.882
38.2448
39.125
115.667
20.1667
56.1757
20.0215
105.58
-10.3181
-89.6159
6.93265
-4.95147
95.2677
-143.94
138.856
-96.5368
147.945
12.4595
26.491
82.3007
-67.1488
115.848
143.914
-15.7985
-55.1375
180.273
117.578
-18.062
-26.7723
-86.0431
30.4305
-50.0708
-13.1111
-12.7175
76.5391
-94.9588
80.777
120.583
325.944
25.8031
-47.0587
171.407
126.609
126.594
221.555
50.159
-265.052
-102.83
-226.02
-97.002
143.815
255
255
255
255
255
255
255
255
255
255
255
255
255
255
255
255
255
255
255
255
255
255
255
255
255
255
255
255
255
255
255
255
255
255
255
255
255
255
255
255
255
255
255
255
255
255
255
255
255
255
255
255
255
255
255
255
255
255
255
255
255
255
255
255
255
255
255
255
255
255
255
