209
-1078.29
170.611
1216.35
16.4267
60.3529
448.381
-556.512
602.723
16.7998
168.757
754.254
46.6705
-14.7646
-490.673
-513.947
295.673
-21.9536
189.492
379.916
185.64
165.125
1.65226
-651.867
-18.0485
220.023
230.222
-69.4214
100.981
-186.472
-0.0108704
-513.758
-105.424
-209.63
-117.628
53.3512
172.761
12.67
-134.767
-348.846
57.9248
-449.808
54.9904
-346.419
177.644
278.026
400.588
78.6755
300.672
-134.444
24.0894
-106.944
163.235
64.3019
-257.222
-5.69149
192.872
-6.19053
120.64
311.171
168.358
9.02424
1.8815
110.482
0.0204618
-194.281
55.2716
-196.437
-57.996
-99.7351
140.232
11.4688
-263.56
-98.5984
226.887
-77.5961
123.929
-91.7714
207.348
-45.2887
-289.82
17.4746
121.939
56.6043
-125.481
-275.769
-73.308
-132.233
27.1039
34.7864
116.927
19.4375
57.1978
18.1315
107.664
-10.3181
-89.6159
6.93265
-4.95147
95.2677
-143.94
138.856
-96.5368
147.945
12.4595
26.491
82.3007
-67.1488
115.848
143.914
-15.7985
-55.1375
180.273
117.578
-18.062
-26.7723
-86.0431
30.4305
-50.0708
-13.1111
-12.7175
76.5391
-94.9588
80.777
120.583
325.944
25.8031
-47.0587
171.407
126.609
126.594
221.555
50.159
-265.052
-102.83
-226.02
-97.002
143.815
255
255
255
255
255
255
255
255
255
255
255
255
255
255
255
255
255
255
255
255
255
255
255
255
255
255
255
255
255
255
255
255
255
255
255
255
255
255
255
255
255
255
255
255
255
255
255
255
255
255
255
255
255
255
255
255
255
255
255
255
255
255
255
255
255
255
255
255
255
255
255
