209
-273.986
-106.028
1048.09
-152.791
-127.828
85.161
-811.245
449.764
-7.13892
198.466
442.995
-216.386
125.211
-175.433
-469.115
261.254
-180.955
257.366
343.457
240.829
137.303
1.79194
-370.335
-245.221
97.9499
178.647
15.344
596.266
-383.601
-247.314
-670.223
-215.268
-364.866
-225.95
163.294
104.232
10.4747
-137.977
-423.898
24.2998
-458.517
85.3305
-288.607
145.908
347.347
371.724
73.8655
290.978
-175.619
-4.46932
-105.02
217.517
83.5309
-246.092
-29.8575
207.831
-50.3562
70.5585
350.239
160.193
20.4954
13.8162
89.2951
-18.7509
-191.154
78.6316
-225.364
-38.7599
-143.404
119.601
-27.7977
-255.586
-72.4454
225.552
-76.4901
142.726
-101.581
218.951
-77.4458
-278.182
15.2225
122.194
34.9571
-121.331
-268.938
-62.3314
-124.822
26.7048
32.1326
117.599
24.2473
49.5228
14.2464
107.022
-10.3181
-89.6159
6.93265
-4.95147
95.2677
-143.94
138.856
-96.5368
147.945
12.4595
26.491
82.3007
-67.1488
115.848
143.914
-15.7985
-55.1375
180.273
117.578
-18.062
-26.7723
-86.0431
30.4305
-50.0708
-13.1111
-12.7175
76.5391
-94.9588
80.777
120.583
325.944
25.8031
-47.0587
171.407
126.609
126.594
221.555
50.159
-265.052
-102.83
-226.02
-97.002
143.815
255
255
255
255
255
255
255
255
255
255
255
255
255
255
255
255
255
255
255
255
255
255
255
255
255
255
255
255
255
255
255
255
255
255
255
255
255
255
255
255
255
255
255
255
255
255
255
255
255
255
255
255
255
255
255
255
255
255
255
255
255
255
255
255
255
255
255
255
255
255
255
