209
-231.77
-169.556
954.484
97.2846
-54.8738
-9.19668
-651.609
264.529
-311.423
320.804
530.191
292.161
-261.8
-219.208
-536.977
221.271
-47.8816
48.9328
308.268
272.59
-112.205
-48.538
-515.249
-110.271
-73.3723
35.3716
-40.7123
588.446
-271.014
-250.479
-764.272
-95.1947
-184.733
-119.572
59.959
131.63
49.6045
-332.638
-435.302
33.4028
-524.26
62.3566
-378.777
165.54
279.979
363.399
101.458
439.522
-183.689
-28.6185
-124.063
161.895
129.892
-266.615
-29.3546
201.195
52.4947
127.119
259.67
204.696
30.8153
0.108074
102.288
6.31392
-213.947
39.1886
-206.284
-61.6396
-95.9992
184.289
-7.5141
-287.377
-103.188
241.83
-76.7315
141.044
-90.9571
220.332
-48.5088
-288.611
19.4417
128.913
57.7056
-132.74
-275.065
-73.7287
-127.711
30.4775
35.7913
117.053
17.5239
57.9778
19.6577
107.88
-10.3181
-89.6159
6.93265
-4.95147
95.2677
-143.94
138.856
-96.5368
147.945
12.4595
26.491
82.3007
-67.1488
115.848
143.914
-15.7985
-55.1375
180.273
117.578
-18.062
-26.7723
-86.0431
30.4305
-50.0708
-13.1111
-12.7175
76.5391
-94.9588
80.777
120.583
325.944
25.8031
-47.0587
171.407
126.609
126.594
221.555
50.159
-265.052
-102.83
-226.02
-97.002
143.815
255
255
255
255
255
255
255
255
255
255
255
255
255
255
255
255
255
255
255
255
255
255
255
255
255
255
255
255
255
255
255
255
255
255
255
255
255
255
255
255
255
255
255
255
255
255
255
255
255
255
255
255
255
255
255
255
255
255
255
255
255
255
255
255
255
255
255
255
255
255
255
