209
-795.033
186.65
635.922
247.051
-177.04
526.07
-902.684
619.735
-295.673
149.88
554.092
117.736
224.766
-313.046
-537.516
-11.7333
-43.3878
190.315
314.679
256.116
303.043
76.3987
-497.898
-31.1222
-24.6355
20.8877
-104.631
587.416
-258.426
-169.979
-756.009
-336.372
-323.836
-122.568
78.5052
179.102
-84.9961
-250.237
-441.887
64.8159
-298.515
7.30038
-312.888
199.491
479.494
394.545
97.9076
325.703
-116.316
-49.3074
-129.438
180.682
22.8706
-246.111
0.266661
229.756
39.2944
106.724
280.03
133.229
-36.4991
40.9496
114.679
33.2702
-189.189
92.382
-178.978
-62.8428
-88.9693
156.012
15.1687
-273.084
-103.95
241.757
-54.3439
147.495
-109.65
191.381
-41.1005
-288.25
8.52103
106.311
58.9606
-131.873
-280.274
-71.1286
-127.626
22.7372
32.8492
118.518
19.6197
57.1709
18.5732
108.417
-10.3181
-89.6159
6.93265
-4.95147
95.2677
-143.94
138.856
-96.5368
147.945
12.4595
26.491
82.3007
-67.1488
115.848
143.914
-15.7985
-55.1375
180.273
117.578
-18.062
-26.7723
-86.0431
30.4305
-50.0708
-13.1111
-12.7175
76.5391
-94.9588
80.777
120.583
325.944
25.8031
-47.0587
171.407
126.609
126.594
221.555
50.159
-265.052
-102.83
-226.02
-97.002
143.815
255
255
255
255
255
255
255
255
255
255
255
255
255
255
255
255
255
255
255
255
255
255
255
255
255
255
255
255
255
255
255
255
255
255
255
255
255
255
255
255
255
255
255
255
255
255
255
255
255
255
255
255
255
255
255
255
255
255
255
255
255
255
255
255
255
255
255
255
255
255
255
