209
-473.23
-57.9767
976.517
-147.601
-116.46
-4.35064
-773.977
730.642
-122.73
143.339
576.978
156.232
47.6434
-407.072
-517.116
99.2308
-125.613
235.334
532.209
377.028
14.4482
38.8637
-521.103
-14.039
49.1936
-3.80766
-72.1651
587.266
-306.166
-234.492
-759.918
-294.502
-298.17
-168.384
88.4901
88.1218
-45.244
-157.608
-256.648
68.5264
-494.14
14.2001
-360.461
167.599
336.729
450.305
75.7027
241.588
-108.957
102.306
-23.2194
193.829
63.885
-278.524
11.5956
200.495
-12.8123
68.4018
323.89
135.365
57.7869
-20.4284
115.516
-45.618
-219.534
61.5296
-241.516
-67.6892
-118.204
150.538
8.78368
-253.124
-117.483
245.868
-65.022
131.356
-114.89
203.844
-34.5567
-310.62
2.79219
122.771
66.5453
-134.547
-261.758
-88.1076
-132.087
34.0322
33.219
108.373
23.2886
66.1026
18.1468
103.08
-10.3181
-89.6159
6.93265
-4.95147
95.2677
-143.94
138.856
-96.5368
147.945
12.4595
26.491
82.3007
-67.1488
115.848
143.914
-15.7985
-55.1375
180.273
117.578
-18.062
-26.7723
-86.0431
30.4305
-50.0708
-13.1111
-12.7175
76.5391
-94.9588
80.777
120.583
325.944
25.8031
-47.0587
171.407
126.609
126.594
221.555
50.159
-265.052
-102.83
-226.02
-97.002
143.815
255
255
255
255
255
255
255
255
255
255
255
255
255
255
255
255
255
255
255
255
255
255
255
255
255
255
255
255
255
255
255
255
255
255
255
255
255
255
255
255
255
255
255
255
255
255
255
255
255
255
255
255
255
255
255
255
255
255
255
255
255
255
255
255
255
255
255
255
255
255
255
