209
-843.385
-186.532
682.968
-258.458
201.915
405.773
-548.897
613.121
-17.5822
104.135
724.203
-24.1855
143.487
-283.158
-475.054
65.173
-180.638
179.891
350.325
366.49
1.0188
76.9386
-443.8
-123.21
25.9895
48.1427
-97.5586
585.564
-370.422
-181.197
-764.29
-231.696
-181.48
-109.245
63.6097
194.669
-83.6855
-212.735
-434.998
68.3282
-442.047
116.934
-424.157
154.653
323.559
415.461
89.2432
362.063
-114.711
68.7246
-130.622
151.113
40.2932
-326.032
32.8921
197.324
13.3027
134.848
393.282
168.474
-15.5735
-3.38071
165.671
-23.5843
-212.393
83.1115
-211.631
-72.821
-116.641
134.459
18.7638
-260.45
-108.214
244.121
-84.001
105.077
-87.5282
204.539
-65.7584
-293.738
20.3035
138.15
40.6841
-106.808
-280.507
-53.59
-134.214
24.7894
22.0939
109.404
8.19046
58.7806
25.8051
106.972
-10.3181
-89.6159
6.93265
-4.95147
95.2677
-143.94
138.856
-96.5368
147.945
12.4595
26.491
82.3007
-67.1488
115.848
143.914
-15.7985
-55.1375
180.273
117.578
-18.062
-26.7723
-86.0431
30.4305
-50.0708
-13.1111
-12.7175
76.5391
-94.9588
80.777
120.583
325.944
25.8031
-47.0587
171.407
126.609
126.594
221.555
50.159
-265.052
-102.83
-226.02
-97.002
143.815
255
255
255
255
255
255
255
255
255
255
255
255
255
255
255
255
255
255
255
255
255
255
255
255
255
255
255
255
255
255
255
255
255
255
255
255
255
255
255
255
255
255
255
255
255
255
255
255
255
255
255
255
255
255
255
255
255
255
255
255
255
255
255
255
255
255
255
255
255
255
255
