209
-717.527
-363.113
582.217
-328.396
270.969
603.217
-524.213
574.921
6.21323
-12.3947
660.406
112.793
121.997
-318.842
-409.412
89.0133
-194.874
267.814
153.227
465.643
114.605
-162.771
-394.406
-33.5997
28.8103
33.8684
-158.008
572.71
-247.95
-71.728
-766.434
-152.797
-378.306
-190.847
246.197
-31.0783
49.7294
-225.129
-351.953
-116.544
-450.024
8.17022
-317.97
117.212
261.988
368.059
121.411
332.176
-86.0335
-29.7377
-113.886
94.1908
57.3422
-260.559
134.158
173.561
35.2762
95.1136
302.713
125.946
56.5481
-2.49161
72.5118
-9.4107
-183.311
34.7366
-189.629
-46.919
-102.378
130.714
11.9338
-259.882
-96.2968
228.908
-77.7216
129.976
-90.1285
210.138
-44.284
-292.322
17.5095
122.226
56.247
-126.09
-275.121
-73.6445
-131.658
26.6068
34.9602
116.784
19.5208
57.0429
18.0105
107.693
-10.3181
-89.6159
6.93265
-4.95147
95.2677
-143.94
138.856
-96.5368
147.945
12.4595
26.491
82.3007
-67.1488
115.848
143.914
-15.7985
-55.1375
180.273
117.578
-18.062
-26.7723
-86.0431
30.4305
-50.0708
-13.1111
-12.7175
76.5391
-94.9588
80.777
120.583
325.944
25.8031
-47.0587
171.407
126.609
126.594
221.555
50.159
-265.052
-102.83
-226.02
-97.002
143.815
255
255
255
255
255
255
255
255
255
255
255
255
255
255
255
255
255
255
255
255
255
255
255
255
255
255
255
255
255
255
255
255
255
255
255
255
255
255
255
255
255
255
255
255
255
255
255
255
255
255
255
255
255
255
255
255
255
255
255
255
255
255
255
255
255
255
255
255
255
255
255
