209
-769.664
-181.976
859.485
192.428
-82.1425
253.623
-273.401
528.019
151.778
148.577
803.658
420.213
-75.5851
58.9207
-350.755
244.924
100.113
221.787
438.768
289.964
189.847
298.16
-177.447
55.1033
21.1226
177.937
-104.628
619.221
-374.317
-210.773
-663.329
-226.386
-123.988
13.6723
178.221
73.5304
-76.0055
-186.535
-368.314
-67.2364
-346.346
25.9604
-310.711
93.2108
253.289
450.308
69.1616
309.626
-147.545
-2.40314
-49.2496
229.734
24.7888
-257.745
-16.6491
172.176
-34.0941
96.6601
292.269
164.688
26.5928
-11.8887
112.257
-1.75814
-199.049
59.3525
-197.286
-65.8278
-92.9859
131.75
14.1582
-256.648
-102.509
234.345
-77.1063
119.177
-88.3163
209.291
-44.5066
-285.625
15.153
121.61
54.8051
-123.779
-275.441
-71.3493
-132.142
27.1023
35.3701
117.331
19.2114
57.3354
17.9802
107.749
-10.3181
-89.6159
6.93265
-4.95147
95.2677
-143.94
138.856
-96.5368
147.945
12.4595
26.491
82.3007
-67.1488
115.848
143.914
-15.7985
-55.1375
180.273
117.578
-18.062
-26.7723
-86.0431
30.4305
-50.0708
-13.1111
-12.7175
76.5391
-94.9588
80.777
120.583
325.944
25.8031
-47.0587
171.407
126.609
126.594
221.555
50.159
-265.052
-102.83
-226.02
-97.002
143.815
255
255
255
255
255
255
255
255
255
255
255
255
255
255
255
255
255
255
255
255
255
255
255
255
255
255
255
255
255
255
255
255
255
255
255
255
255
255
255
255
255
255
255
255
255
255
255
255
255
255
255
255
255
255
255
255
255
255
255
255
255
255
255
255
255
255
255
255
255
255
255
