209
-1137.37
316.333
1061.02
-362.642
212.137
233.641
-488.506
496.537
-218.706
-138.124
473.094
188.287
90.8798
-146.665
-574.658
194.169
-181.169
295.849
305.433
111.157
11.5388
108.247
-410.275
-66.0905
3.57758
109.542
-300.601
603.989
-290.663
-214.176
-774.618
-166.592
-226.031
-219.878
71.9987
190.887
18.2478
-196.713
-388.273
26.5838
-463.729
-45.3706
-321.749
255.552
346.865
340.09
50.7148
257.102
-130.777
0.43035
-84.3453
199.177
68.2174
-277.897
-20.3977
200.895
1.63295
119.985
284.788
120.915
33.5729
-12.7154
137.828
-42.5309
-166.979
67.2978
-196.026
-8.83478
-116.78
149.884
28.439
-287.83
-73.2978
213.461
-95.7445
83.5554
-103.688
223.663
-27.172
-277.292
10.4778
132.637
50.5131
-149.429
-289.183
-67.298
-141.805
30.0284
29.5386
111.568
20.4852
55.0264
18.1115
108.14
-10.3181
-89.6159
6.93265
-4.95147
95.2677
-143.94
138.856
-96.5368
147.945
12.4595
26.491
82.3007
-67.1488
115.848
143.914
-15.7985
-55.1375
180.273
117.578
-18.062
-26.7723
-86.0431
30.4305
-50.0708
-13.1111
-12.7175
76.5391
-94.9588
80.777
120.583
325.944
25.8031
-47.0587
171.407
126.609
126.594
221.555
50.159
-265.052
-102.83
-226.02
-97.002
143.815
255
255
255
255
255
255
255
255
255
255
255
255
255
255
255
255
255
255
255
255
255
255
255
255
255
255
255
255
255
255
255
255
255
255
255
255
255
255
255
255
255
255
255
255
255
255
255
255
255
255
255
255
255
255
255
255
255
255
255
255
255
255
255
255
255
255
255
255
255
255
255
