209
-957.813
104.543
1091.46
-1.03064
17.4187
408.518
-380.324
668.933
-33.117
172.81
696.565
63.6226
-30.1194
-210.216
-443.095
80.402
-75.148
139.174
349.766
208.586
105.77
6.0359
-550.874
-60.9161
132.837
-27.411
-74.7953
564.637
-499.891
-191.667
-877.385
-187.055
-323.514
-237.793
194.24
252.038
-22.0799
-184.222
-292.823
41.2545
-460.019
82.5798
-304.979
247.184
299.938
499.574
119.952
330.698
-153.443
-55.2823
-54.4529
192.892
101.916
-271.4
32.3418
138.529
-65.6625
198.7
227.583
167.08
16.8683
-24.6926
123.194
26.9759
-136.544
55.9239
-217.284
-39.6418
-113.921
105.26
6.56029
-252.631
-107.749
229.012
-81.232
143.219
-108.973
217.875
-58.6367
-306.944
2.46756
113.272
49.3651
-123.948
-281.79
-80.909
-124.106
36.4853
30.7651
114.92
12.6871
55.0538
22.0426
108.648
-10.3181
-89.6159
6.93265
-4.95147
95.2677
-143.94
138.856
-96.5368
147.945
12.4595
26.491
82.3007
-67.1488
115.848
143.914
-15.7985
-55.1375
180.273
117.578
-18.062
-26.7723
-86.0431
30.4305
-50.0708
-13.1111
-12.7175
76.5391
-94.9588
80.777
120.583
325.944
25.8031
-47.0587
171.407
126.609
126.594
221.555
50.159
-265.052
-102.83
-226.02
-97.002
143.815
255
255
255
255
255
255
255
255
255
255
255
255
255
255
255
255
255
255
255
255
255
255
255
255
255
255
255
255
255
255
255
255
255
255
255
255
255
255
255
255
255
255
255
255
255
255
255
255
255
255
255
255
255
255
255
255
255
255
255
255
255
255
255
255
255
255
255
255
255
255
255
