209
-843.903
-242.719
876.556
128.611
92.9988
235.844
-414.513
616.741
288.747
277.597
216.016
379.378
283.538
-379.495
-390.71
234.31
190.31
69.6907
159.736
153.569
107.184
-55.7728
-314.751
5.3643
-50.0673
-85.4011
-206.584
456.601
-373.718
-242.78
-730.217
-396.04
-214.832
-223.102
32.1748
249.054
47.2914
-176.655
-406.471
117.422
-493.778
17.3268
-436.741
139.238
283.513
428.066
-19.8553
295.849
-189.508
-29.182
-99.2469
156.588
116.842
-297.34
64.567
197.563
-24.6343
97.8479
363.33
144.706
18.3107
29.486
80.7836
-10.6885
-178.733
34.3539
-186.13
-42.6392
-119.652
123.042
16.3724
-270.911
-99.6449
224.479
-71.4134
129.183
-95.6249
210.847
-52.4372
-293.346
18.076
116.226
56.0307
-125.046
-271.136
-73.5843
-130.524
27.5004
34.0305
117.135
20.2379
57.1996
18.0452
107.89
-10.3181
-89.6159
6.93265
-4.95147
95.2677
-143.94
138.856
-96.5368
147.945
12.4595
26.491
82.3007
-67.1488
115.848
143.914
-15.7985
-55.1375
180.273
117.578
-18.062
-26.7723
-86.0431
30.4305
-50.0708
-13.1111
-12.7175
76.5391
-94.9588
80.777
120.583
325.944
25.8031
-47.0587
171.407
126.609
126.594
221.555
50.159
-265.052
-102.83
-226.02
-97.002
143.815
255
255
255
255
255
255
255
255
255
255
255
255
255
255
255
255
255
255
255
255
255
255
255
255
255
255
255
255
255
255
255
255
255
255
255
255
255
255
255
255
255
255
255
255
255
255
255
255
255
255
255
255
255
255
255
255
255
255
255
255
255
255
255
255
255
255
255
255
255
255
255
