1 1 0.000000000000
1 2 0.000000000000
1 3 0.000000000000
1 4 0.000000000000
1 5 0.000000000000
1 6 0.000000000000
1 7 0.000000000000
1 8 0.000000000000
1 9 0.000000000000
2 1 0.111111111111
2 2 0.111111111111
2 3 0.111111111111
2 4 0.111111111111
2 5 0.111111111111
2 6 0.111111111111
2 7 0.111111111111
2 8 0.111111111111
2 9 0.111111111111
3 1 0.070921985816
3 2 0.087069402229
3 3 0.139315265113
3 4 0.097116683553
3 5 0.139315265113
3 6 0.130703309693
3 7 0.124244343127
3 8 0.124244343127
3 9 0.087069402229
4 1 0.060233393644
4 2 0.080112385474
4 3 0.149455721375
4 4 0.090588245417
4 5 0.149455721375
4 6 0.135976527620
4 7 0.127032809811
4 8 0.127032809811
4 9 0.080112385474
5 1 0.056296559014
5 2 0.077710321958
5 3 0.153171500451
5 4 0.088317793050
5 5 0.153171500451
5 6 0.137739246902
5 7 0.127941378108
5 8 0.127941378108
5 9 0.077710321958
6 1 0.054644985014
6 2 0.076685818698
6 3 0.154725250590
6 4 0.087371810688
6 5 0.154725250590
6 6 0.138490446564
6 7 0.128335309579
6 8 0.128335309579
6 9 0.076685818698
7 1 0.053912370181
7 2 0.076231798363
7 3 0.155415312824
7 4 0.086949973469
7 5 0.155415312824
7 6 0.138824073974
7 7 0.128509680001
7 8 0.128509680001
7 9 0.076231798363
8 1 0.053579732669
8 2 0.076025779834
8 3 0.155728577508
8 4 0.086758652021
8 5 0.155728577508
8 6 0.138975376938
8 7 0.128588761844
8 8 0.128588761844
8 9 0.076025779834
9 1 0.053427086173
9 2 0.075931217714
9 3 0.155872331443
9 4 0.086670852320
9 5 0.155872331443
9 6 0.139044827808
9 7 0.128625067692
9 8 0.128625067692
9 9 0.075931217714
10 1 0.053356693911
10 2 0.075887612099
10 3 0.155938623810
10 4 0.086630361946
10 5 0.155938623810
10 6 0.139076854350
10 7 0.128641808987
10 8 0.128641808987
10 9 0.075887612099
11 1 0.053324160071
11 2 0.075867458550
11 3 0.155969262680
11 4 0.086611648412
11 5 0.155969262680
11 6 0.139091656209
11 7 0.128649546424
11 8 0.128649546424
11 9 0.075867458550
12 1 0.053309108014
12 2 0.075858134318
12 3 0.155983438014
12 4 0.086602990423
12 5 0.155983438014
12 6 0.139098504437
12 7 0.128653126231
12 8 0.128653126231
12 9 0.075858134318
13 1 0.053302140714
13 2 0.075853818317
13 3 0.155989999498
13 4 0.086598982809
13 5 0.155989999498
13 6 0.139101674345
13 7 0.128654783251
13 8 0.128654783251
13 9 0.075853818317
14 1 0.053298914972
14 2 0.075851820082
14 3 0.155993037353
14 4 0.086597127353
14 5 0.155993037353
14 6 0.139103141959
14 7 0.128655550423
14 8 0.128655550423
14 9 0.075851820082
15 1 0.053297421356
15 2 0.075850894838
15 3 0.155994443972
15 4 0.086596268220
15 5 0.155994443972
15 6 0.139103821509
15 7 0.128655905647
15 8 0.128655905647
15 9 0.075850894838
16 1 0.053296729733
16 2 0.075850466402
16 3 0.155995095311
16 4 0.086595870396
16 5 0.155995095311
16 6 0.139104136176
16 7 0.128656070135
16 8 0.128656070135
16 9 0.075850466402
17 1 0.053296409468
17 2 0.075850268009
17 3 0.155995396922
17 4 0.086595686179
17 5 0.155995396922
17 6 0.139104281887
17 7 0.128656146303
17 8 0.128656146303
17 9 0.075850268009
18 1 0.053296261164
18 2 0.075850176140
18 3 0.155995536588
18 4 0.086595600873
18 5 0.155995536588
18 6 0.139104349361
18 7 0.128656181574
18 8 0.128656181574
18 9 0.075850176140
19 1 0.053296192489
19 2 0.075850133598
19 3 0.155995601263
19 4 0.086595561371
19 5 0.155995601263
19 6 0.139104380606
19 7 0.128656197907
19 8 0.128656197907
19 9 0.075850133598
20 1 0.053296160687
20 2 0.075850113898
20 3 0.155995631212
20 4 0.086595543079
20 5 0.155995631212
20 6 0.139104395074
20 7 0.128656205470
20 8 0.128656205470
20 9 0.075850113898
21 1 0.053296145961
21 2 0.075850104775
21 3 0.155995645081
21 4 0.086595534608
21 5 0.155995645081
21 6 0.139104401774
21 7 0.128656208972
21 8 0.128656208972
21 9 0.075850104775
22 1 0.053296139142
22 2 0.075850100551
22 3 0.155995651503
22 4 0.086595530686
22 5 0.155995651503
22 6 0.139104404877
22 7 0.128656210594
22 8 0.128656210594
22 9 0.075850100551
23 1 0.053296135984
23 2 0.075850098595
23 3 0.155995654477
23 4 0.086595528869
23 5 0.155995654477
23 6 0.139104406314
23 7 0.128656211345
23 8 0.128656211345
23 9 0.075850098595
24 1 0.053296134521
24 2 0.075850097689
24 3 0.155995655854
24 4 0.086595528028
24 5 0.155995655854
24 6 0.139104406979
24 7 0.128656211693
24 8 0.128656211693
24 9 0.075850097689
25 1 0.053296133844
25 2 0.075850097269
25 3 0.155995656491
25 4 0.086595527639
25 5 0.155995656491
25 6 0.139104407287
25 7 0.128656211854
25 8 0.128656211854
25 9 0.075850097269
26 1 0.053296133531
26 2 0.075850097075
26 3 0.155995656787
26 4 0.086595527458
26 5 0.155995656787
26 6 0.139104407430
26 7 0.128656211929
26 8 0.128656211929
26 9 0.075850097075
27 1 0.053296133385
27 2 0.075850096985
27 3 0.155995656923
27 4 0.086595527375
27 5 0.155995656923
27 6 0.139104407496
27 7 0.128656211963
27 8 0.128656211963
27 9 0.075850096985
28 1 0.053296133318
28 2 0.075850096944
28 3 0.155995656987
28 4 0.086595527336
28 5 0.155995656987
28 6 0.139104407526
28 7 0.128656211979
28 8 0.128656211979
28 9 0.075850096944
29 1 0.053296133287
29 2 0.075850096924
29 3 0.155995657016
29 4 0.086595527318
29 5 0.155995657016
29 6 0.139104407541
29 7 0.128656211987
29 8 0.128656211987
29 9 0.075850096924
30 1 0.053296133273
30 2 0.075850096915
30 3 0.155995657030
30 4 0.086595527310
30 5 0.155995657030
30 6 0.139104407547
30 7 0.128656211990
30 8 0.128656211990
30 9 0.075850096915
31 1 0.053296133266
31 2 0.075850096911
31 3 0.155995657036
31 4 0.086595527306
31 5 0.155995657036
31 6 0.139104407550
31 7 0.128656211992
31 8 0.128656211992
31 9 0.075850096911
32 1 0.053296133263
32 2 0.075850096909
32 3 0.155995657039
32 4 0.086595527304
32 5 0.155995657039
32 6 0.139104407552
32 7 0.128656211992
32 8 0.128656211992
32 9 0.075850096909
33 1 0.053296133261
33 2 0.075850096908
33 3 0.155995657040
33 4 0.086595527304
33 5 0.155995657040
33 6 0.139104407552
33 7 0.128656211993
33 8 0.128656211993
33 9 0.075850096908
