0.10000000000000000555 0.00346817199384417962
0.01000000000000000021 0.00034085135375343939
0.00100000000000000002 0.00003381155595286178
0.00010000000000000000 0.00000335710641728021
0.00001000000000000000 0.00000033335247050237
0.00000100000000000000 0.00000003310054959293
0.00000010000000000000 0.00000000328591615029
0.00000001000000000000 0.00000000032535792116
0.00000000100000000000 0.00000000003137810844
0.00000000010000000000 0.00000000000218628587
0.00000000001000000000 0.00000000000198084604
0.00000000000100000000 0.00000000000207127371
0.00000000000010000000 0.00000000000208024570
0.00000000000001000000 0.00000000000208114082
0.00000000000000100000 0.00000000000208118245
0.00000000000000010000 0.00000000000208124490
0.00000000000000001000 0.00000000000208124490
0.00000000000000000100 0.00000000000208124490
0.00000000000000000010 0.00000000000208124490
0.00000000000000000001 0.00000000000208124490
