1 1 0.053296133260
2 1 0.053296133260
3 1 0.053296133260
4 1 0.053296133260
5 1 0.053296133260
6 1 0.053296133260
7 1 0.053296133260
8 1 0.053296133260
9 1 0.053296133260
10 1 0.053296133260
11 1 0.053296133260
12 1 0.053296133260
13 1 0.053296133260
14 1 0.053296133260
15 1 0.053296133260
16 1 0.053296133260
17 1 0.053296133260
18 1 0.053296133260
19 1 0.053296133260
20 1 0.053296133260
21 1 0.053296133260
22 1 0.053296133260
23 1 0.053296133260
24 1 0.053296133260
25 1 0.053296133260
26 1 0.053296133260
27 1 0.053296133260
28 1 0.053296133260
29 1 0.053296133260
30 1 0.053296133260
31 1 0.053296133260
32 1 0.053296133260
33 1 0.053296133260
1 2 0.075850096908
2 2 0.075850096908
3 2 0.075850096908
4 2 0.075850096908
5 2 0.075850096908
6 2 0.075850096908
7 2 0.075850096908
8 2 0.075850096908
9 2 0.075850096908
10 2 0.075850096908
11 2 0.075850096908
12 2 0.075850096908
13 2 0.075850096908
14 2 0.075850096908
15 2 0.075850096908
16 2 0.075850096908
17 2 0.075850096908
18 2 0.075850096908
19 2 0.075850096908
20 2 0.075850096908
21 2 0.075850096908
22 2 0.075850096908
23 2 0.075850096908
24 2 0.075850096908
25 2 0.075850096908
26 2 0.075850096908
27 2 0.075850096908
28 2 0.075850096908
29 2 0.075850096908
30 2 0.075850096908
31 2 0.075850096908
32 2 0.075850096908
33 2 0.075850096908
1 3 0.155995657041
2 3 0.155995657041
3 3 0.155995657041
4 3 0.155995657041
5 3 0.155995657041
6 3 0.155995657041
7 3 0.155995657041
8 3 0.155995657041
9 3 0.155995657041
10 3 0.155995657041
11 3 0.155995657041
12 3 0.155995657041
13 3 0.155995657041
14 3 0.155995657041
15 3 0.155995657041
16 3 0.155995657041
17 3 0.155995657041
18 3 0.155995657041
19 3 0.155995657041
20 3 0.155995657041
21 3 0.155995657041
22 3 0.155995657041
23 3 0.155995657041
24 3 0.155995657041
25 3 0.155995657041
26 3 0.155995657041
27 3 0.155995657041
28 3 0.155995657041
29 3 0.155995657041
30 3 0.155995657041
31 3 0.155995657041
32 3 0.155995657041
33 3 0.155995657041
1 4 0.086595527303
2 4 0.086595527303
3 4 0.086595527303
4 4 0.086595527303
5 4 0.086595527303
6 4 0.086595527303
7 4 0.086595527303
8 4 0.086595527303
9 4 0.086595527303
10 4 0.086595527303
11 4 0.086595527303
12 4 0.086595527303
13 4 0.086595527303
14 4 0.086595527303
15 4 0.086595527303
16 4 0.086595527303
17 4 0.086595527303
18 4 0.086595527303
19 4 0.086595527303
20 4 0.086595527303
21 4 0.086595527303
22 4 0.086595527303
23 4 0.086595527303
24 4 0.086595527303
25 4 0.086595527303
26 4 0.086595527303
27 4 0.086595527303
28 4 0.086595527303
29 4 0.086595527303
30 4 0.086595527303
31 4 0.086595527303
32 4 0.086595527303
33 4 0.086595527303
1 5 0.155995657041
2 5 0.155995657041
3 5 0.155995657041
4 5 0.155995657041
5 5 0.155995657041
6 5 0.155995657041
7 5 0.155995657041
8 5 0.155995657041
9 5 0.155995657041
10 5 0.155995657041
11 5 0.155995657041
12 5 0.155995657041
13 5 0.155995657041
14 5 0.155995657041
15 5 0.155995657041
16 5 0.155995657041
17 5 0.155995657041
18 5 0.155995657041
19 5 0.155995657041
20 5 0.155995657041
21 5 0.155995657041
22 5 0.155995657041
23 5 0.155995657041
24 5 0.155995657041
25 5 0.155995657041
26 5 0.155995657041
27 5 0.155995657041
28 5 0.155995657041
29 5 0.155995657041
30 5 0.155995657041
31 5 0.155995657041
32 5 0.155995657041
33 5 0.155995657041
1 6 0.139104407553
2 6 0.139104407553
3 6 0.139104407553
4 6 0.139104407553
5 6 0.139104407553
6 6 0.139104407553
7 6 0.139104407553
8 6 0.139104407553
9 6 0.139104407553
10 6 0.139104407553
11 6 0.139104407553
12 6 0.139104407553
13 6 0.139104407553
14 6 0.139104407553
15 6 0.139104407553
16 6 0.139104407553
17 6 0.139104407553
18 6 0.139104407553
19 6 0.139104407553
20 6 0.139104407553
21 6 0.139104407553
22 6 0.139104407553
23 6 0.139104407553
24 6 0.139104407553
25 6 0.139104407553
26 6 0.139104407553
27 6 0.139104407553
28 6 0.139104407553
29 6 0.139104407553
30 6 0.139104407553
31 6 0.139104407553
32 6 0.139104407553
33 6 0.139104407553
1 7 0.128656211993
2 7 0.128656211993
3 7 0.128656211993
4 7 0.128656211993
5 7 0.128656211993
6 7 0.128656211993
7 7 0.128656211993
8 7 0.128656211993
9 7 0.128656211993
10 7 0.128656211993
11 7 0.128656211993
12 7 0.128656211993
13 7 0.128656211993
14 7 0.128656211993
15 7 0.128656211993
16 7 0.128656211993
17 7 0.128656211993
18 7 0.128656211993
19 7 0.128656211993
20 7 0.128656211993
21 7 0.128656211993
22 7 0.128656211993
23 7 0.128656211993
24 7 0.128656211993
25 7 0.128656211993
26 7 0.128656211993
27 7 0.128656211993
28 7 0.128656211993
29 7 0.128656211993
30 7 0.128656211993
31 7 0.128656211993
32 7 0.128656211993
33 7 0.128656211993
1 8 0.128656211993
2 8 0.128656211993
3 8 0.128656211993
4 8 0.128656211993
5 8 0.128656211993
6 8 0.128656211993
7 8 0.128656211993
8 8 0.128656211993
9 8 0.128656211993
10 8 0.128656211993
11 8 0.128656211993
12 8 0.128656211993
13 8 0.128656211993
14 8 0.128656211993
15 8 0.128656211993
16 8 0.128656211993
17 8 0.128656211993
18 8 0.128656211993
19 8 0.128656211993
20 8 0.128656211993
21 8 0.128656211993
22 8 0.128656211993
23 8 0.128656211993
24 8 0.128656211993
25 8 0.128656211993
26 8 0.128656211993
27 8 0.128656211993
28 8 0.128656211993
29 8 0.128656211993
30 8 0.128656211993
31 8 0.128656211993
32 8 0.128656211993
33 8 0.128656211993
1 9 0.075850096908
2 9 0.075850096908
3 9 0.075850096908
4 9 0.075850096908
5 9 0.075850096908
6 9 0.075850096908
7 9 0.075850096908
8 9 0.075850096908
9 9 0.075850096908
10 9 0.075850096908
11 9 0.075850096908
12 9 0.075850096908
13 9 0.075850096908
14 9 0.075850096908
15 9 0.075850096908
16 9 0.075850096908
17 9 0.075850096908
18 9 0.075850096908
19 9 0.075850096908
20 9 0.075850096908
21 9 0.075850096908
22 9 0.075850096908
23 9 0.075850096908
24 9 0.075850096908
25 9 0.075850096908
26 9 0.075850096908
27 9 0.075850096908
28 9 0.075850096908
29 9 0.075850096908
30 9 0.075850096908
31 9 0.075850096908
32 9 0.075850096908
33 9 0.075850096908
