0.001489728650
0.002433853676
0.019459393227
0.015151747144
0.019459393227
0.018581913957
0.019419522227
0.019459393227
0.002433853676
0.002433853676
0.019459393227
0.019459393227
0.019459393227
0.020823821992
0.019459393227
0.002548785655
0.019112436522
0.018764315863
0.018804186863
0.018804186863
0.001604660629
0.001604660629
0.002013646096
0.001803777948
0.001803777948
0.001837849309
0.001837849309
0.001837849309
0.001837849309
0.001837849309
0.001837849309
0.001949907794
0.001949907794
0.001949907794
0.001949907794
0.001949907794
0.001837849309
0.001837849309
0.001837849309
0.001837849309
0.001837849309
0.001837849309
0.001837849309
0.001837849309
0.001877720309
0.001877720309
0.001837849309
0.001837849309
0.001837849309
0.001837849309
0.001837849309
0.001837849309
0.001837849309
0.001837849309
0.001837849309
0.001837849309
0.001837849309
0.001529599650
0.001529599650
0.002401333774
0.001606079632
0.001529599650
0.001529599650
0.001529599650
0.001529599650
0.001529599650
0.001690542733
0.001609430835
0.001609430835
0.001759039597
0.001529599650
0.001529599650
0.001529599650
0.004110637873
0.001682559615
0.001529599650
0.001529599650
0.001682559615
0.001529599650
0.001529599650
0.001690120681
0.001605210312
0.001605210312
0.001605210312
0.003150775494
0.001606118483
0.001606118483
0.001606118483
0.001606118483
0.001606118483
0.001606118483
0.001606118483
0.001606118483
0.001606118483
0.001606118483
0.001606118483
0.001606118483
0.001606118483
0.001606118483
0.001606118483
0.001606118483
0.001606118483
0.001606118483
0.001606118483
0.001529599650
0.001529599650
0.004260991713
0.001840299579
0.001529599650
0.001529599650
0.001529599650
0.001529599650
0.001690542733
0.001609430835
0.001609430835
0.001529599650
0.001601830745
0.001601830745
0.002141439510
0.001529599650
0.001529599650
0.001529599650
0.001529599650
0.001529599650
0.001529599650
0.001529599650
0.001529599650
0.002093639521
0.001529599650
0.001529599650
0.001529599650
0.001529599650
0.001529599650
0.001529599650
0.001529599650
0.001529599650
0.001529599650
0.001786827331
0.001613977607
0.001613977607
0.001613977607
0.001529599650
0.001854639576
0.001529599650
0.001529599650
0.001529599650
0.001529599650
0.005690072393
0.001601787136
0.001601787136
0.001601787136
0.001601787136
0.001601787136
0.001601787136
0.001601787136
0.001601787136
0.001601787136
0.001601787136
0.001601787136
0.001601787136
0.001601787136
0.001601787136
0.001601787136
0.001601787136
0.001601787136
0.001601787136
0.001601787136
0.001601787136
0.001601787136
0.001601787136
0.001601787136
0.001601787136
0.001601787136
0.001601787136
0.001601787136
0.001601787136
0.001601787136
0.001601787136
0.001601787136
0.001601787136
0.001601787136
0.001601787136
0.001601787136
0.001601787136
0.001601787136
0.001601787136
0.001601787136
0.001601787136
0.001601787136
0.001601787136
0.001601787136
0.001601787136
0.001601787136
0.001601787136
0.001601787136
0.001610104895
0.001610104895
0.002045400816
0.001621104423
0.001778844387
0.001529599650
0.001529599650
0.001621104423
0.001706898353
0.001614944568
0.002018546293
0.001619903037
0.001930602966
0.001529599650
0.001529599650
0.001529599650
0.001529599650
0.001619903037
0.001529599650
0.001529599650
0.001529599650
0.001684022447
0.001529599650
0.001598445529
0.001598445529
0.001529599650
0.001529599650
0.001529599650
0.001598445529
0.001619903037
0.001529599650
0.004745343914
0.003302979244
0.001529599650
0.001529599650
0.001529599650
0.001529599650
0.001529599650
0.001529599650
0.001529599650
0.001529599650
0.001529599650
0.001529599650
0.001529599650
0.001529599650
0.001529599650
0.001529599650
0.001529599650
0.001529599650
0.001529599650
0.001529599650
0.001529599650
0.001529599650
0.001529599650
0.001529599650
0.001529599650
0.001529599650
0.001529599650
0.001529599650
0.001529599650
0.001529599650
0.001529599650
0.001529599650
0.001529599650
0.001529599650
0.001529599650
0.001529599650
0.001529599650
0.001529599650
0.001529599650
0.001529599650
0.001529599650
0.001529599650
0.001529599650
0.001529599650
0.001529599650
0.001529599650
0.001529599650
0.001529599650
0.001529599650
0.001529599650
0.001529599650
0.001529599650
0.001529599650
0.001529599650
0.002676799387
0.001529599650
0.001529599650
0.001529599650
0.001529599650
0.001529599650
0.001529599650
0.001529599650
0.001529599650
0.001529599650
0.001529599650
0.001529599650
0.001529599650
0.001529599650
0.001529599650
0.001529599650
0.001529599650
0.001529599650
0.001529599650
0.001529599650
0.001529599650
0.001529599650
0.001529599650
0.001529599650
0.001529599650
0.001529599650
0.001529599650
0.001529599650
0.001529599650
0.001529599650
0.001529599650
0.001529599650
0.001529599650
0.001529599650
0.001529599650
0.001529599650
0.001529599650
0.001529599650
0.001682559615
0.001529599650
0.001529599650
0.001529599650
0.001529599650
0.001529599650
0.001529599650
0.001529599650
0.001529599650
0.001529599650
0.001529599650
0.001529599650
0.001529599650
0.001529599650
0.001529599650
0.001529599650
0.001529599650
0.001529599650
0.001529599650
0.001529599650
0.001529599650
0.001529599650
0.001529599650
0.001529599650
0.001529599650
0.001529599650
0.001529599650
0.001529599650
0.001529599650
0.001529599650
0.001529599650
0.001529599650
0.001529599650
0.001529599650
0.001529599650
0.001529599650
0.001529599650
0.001529599650
0.001529599650
0.001529599650
0.001529599650
0.001529599650
0.001529599650
0.001529599650
0.001529599650
0.001529599650
0.001529599650
0.001529599650
0.001529599650
0.001529599650
0.001529599650
0.001529599650
0.001529599650
0.001529599650
0.001529599650
0.001529599650
0.001529599650
0.001529599650
0.001529599650
0.001773379594
0.001529599650
0.001529599650
0.001529599650
0.001529599650
0.001529599650
0.001610859631
0.001529599650
0.001529599650
0.001529599650
0.001529599650
0.001529599650
0.001529599650
0.001529599650
0.001529599650
0.001529599650
0.001529599650
0.001529599650
0.001529599650
0.001529599650
0.001529599650
0.001610859631
0.001529599650
0.001529599650
0.001529599650
0.001529599650
0.001529599650
0.001529599650
0.001529599650
0.001529599650
0.001529599650
0.001529599650
0.001529599650
0.001529599650
0.001529599650
0.001529599650
0.001529599650
0.001529599650
0.001529599650
0.001529599650
0.001529599650
0.001529599650
0.001529599650
0.001529599650
0.001529599650
0.001529599650
0.001529599650
0.001529599650
0.001529599650
0.001529599650
0.001529599650
0.001529599650
0.001529599650
0.001529599650
0.001529599650
0.001529599650
0.001529599650
0.001529599650
0.001529599650
0.001529599650
0.001529599650
0.001529599650
0.001529599650
0.001529599650
0.001529599650
0.001529599650
0.001529599650
0.001529599650
0.001529599650
0.001529599650
0.001529599650
0.001529599650
0.001529599650
0.001529599650
0.001529599650
