209
269.939
0
0
0
0
0
0
0
0
0
0
0
0
0
0
0
0
0
0
0
0
0
0
0
0
0
0
0
0
0
0
0
0
0
0.000241293
0.0342637
0.0107161
-0.0166038
0.00532161
0.00421314
0.0693763
-0.000735546
0
0
0
0.0364036
-0.0971079
-0.00102142
0.014338
0.030106
-0.18467
0.133498
0.163279
0
0
0
0.00697064
0.0523351
0.115523
-0.0326943
0.012797
-0.00551011
-0.101733
-0.03007
-0.1408
0.103332
0
0.040136
-0.0579232
0.0265268
0.0880074
-0.162714
0.0567789
0.080333
0.141316
0.0741091
0
0
-0.0936874
0.025984
-0.0154735
0.0784951
-0.0844282
0.128466
-0.0157592
0.0436951
-0.0264424
-0.065615
0
-0.147202
0.114056
-0.0810943
0.0505259
0.138918
-0.0559373
0.0953766
0.0683944
-0.00285314
-0.0596967
0
0.288902
-0.0498265
0.00664578
-0.0806123
0.0468708
-0.0401982
-0.147799
-0.048933
-0.025474
-0.0406555
0
-0.144417
0.0798023
-0.0948169
-0.00847002
-0.116029
0.122814
0.150503
-0.18574
0.303203
-0.0200705
0
-0.0594364
-0.147268
0.129065
-0.144222
0.0828388
-0.129226
-0.12975
0.171836
-0.0417832
-0.00205851
0
0.102654
-0.0268161
-0.0239772
0.0853305
0.0815678
0.0675101
0.0869627
-0.155999
0.017532
0
0
-0.00203787
0.0838551
-0.0743634
-0.0135783
0.00368659
-0.0467313
0.105409
-0.0340481
0.0638679
0.0777147
0
0.049146
0.00351879
0.149396
0.00268624
0.137911
-0.00743104
-0.0639445
-0.00804294
0
0
0
0.0683718
-0.0308882
0.0122568
0.026653
4.25618e-05
-0.0385386
-0.0498026
0
0
0
0
0.057655
0.0265028
-0.00703564
-0.0322346
-0.0274121
-0.0452395
-0.0123339
-0.0115479
0
0
0
0.00753639
0.00854124
0.00854124
0.00854124
0.00854124
0.00854124
0.00854124
0.00854124
0.00854124
0.00753639
0
0
0
0
0
0
0
0
0
0
0
0
