209
1.62441e-12
0
0
0
0
0
0
0
0
0
0
0
0
0
0
0
0
0
0
0
0
0
0
0
0
0
0
0
0
0
0
0
0
0
0.00093558
-0.149767
0.0304802
0.0276946
0.0928246
-0.0456547
0.10012
-0.0180578
0
0
0
0.0100026
-0.00933436
0.00248463
0.0753668
-0.0410869
-0.0168374
0.0251708
-0.0705462
0
0
0
-0.0412931
0.0207087
0.0340808
-0.00872213
-0.0197052
0.101796
-0.0194193
-0.0145123
0.129372
0.294332
0
-0.0472955
-0.0189644
-0.0251542
0.0598848
-0.0117258
-0.0791364
0.0239441
-0.105311
-0.258843
0
0
0.0150308
-0.00626458
0.0251778
-0.00942011
-0.0330147
0.0408305
-0.0483035
0.0139171
-0.00823935
-0.0850934
0
-0.0471181
0.0386476
-0.00782404
-0.00813253
-0.000765525
0.0309066
0.0429372
-0.15532
-0.0189852
0.000126423
0
0.0692109
0.0673936
-0.049205
0.0120696
0.028943
-0.0410112
-0.0874008
0.111521
-0.0269069
-0.0197497
0
-0.0258312
-0.128863
0.0968939
-0.00186227
-0.0283208
0.00732413
0.0193802
0.0719472
0.0664574
-0.0186957
0
0.00582949
0.0602893
-0.0713088
0.0030376
0.0297697
-0.0140097
-0.0339967
-0.126328
-0.0690229
-0.00223913
0
0.0112559
-0.0179115
0.024256
-0.0904264
-0.0222221
-0.0291327
0.0423277
0.067906
0.0525978
0
0
-0.0197818
0.0266116
-0.000905511
0.0597949
-0.0658533
0.00856116
-0.0410231
0.0411658
0.0105984
-0.070104
0
-0.0311323
-0.148954
-0.137136
0.109446
0.180239
-0.154677
0.187533
-0.507919
0
0
0
0.114413
-0.127797
0.121355
-0.0238347
0.0198015
0.0372313
-0.120656
0
0
0
0
0.0517744
0.172015
0.0246977
-0.167783
-0.0193665
-0.0257535
-0.00844933
0.0105809
0
0
0
-0.0888633
0.0124516
-0.021107
0.0411626
0.0018726
0.0185802
0.0236698
-0.0154148
0.0609136
-0.049549
0
0
0
0
0
0
0
0
0
0
0
0
