209
3722.2
0
0
0
0
0
0
0
0
0
0
0
0
0
0
0
0
0
0
0
0
0
0
0
0
0
0
0
0
0
0
0
0
0
3.15828e-05
0.00448476
-0.00063166
0.0852465
0.0163691
0.00652065
0.128953
0.0014598
0
0
0
0.00593983
0.0494986
-0.0234298
-0.0933337
-0.00952722
0.0451063
0.14134
0.0784293
0
0
0
0.0469465
-0.0357483
0.0398871
-0.202738
0.0544716
0.247485
-0.0722354
0.0406217
-0.118342
0.00557502
0
-0.062984
-0.0640423
-0.0039749
-0.165874
-0.0877379
0.139696
-0.120929
-0.100507
0.00413922
0
0
0.0377223
0.063253
0.0333092
0.0449668
0.0161381
-0.274937
0.057103
-0.0487726
0.012537
0.00987558
0
0.200961
0.102174
-0.0368131
0.0320535
0.124825
0.288762
0.0768092
0.0177295
0.000968717
0.00898484
0
0.124524
-0.01954
-0.0635015
0.0965082
-0.106495
-0.0882503
-0.139393
0.0150358
0.00383405
0.00611899
0
0.0838424
0.0951614
-0.0173411
-0.0247984
-0.208375
0.00369085
-0.00036159
-0.0362037
0.00164405
0.00302076
0
-0.147553
-0.0932146
-0.044057
0.0785134
0.044684
-0.130218
-0.0466977
-0.0425356
0.0146177
0.000309822
0
-0.19867
-0.0767385
0.107601
0.0392837
-0.00242529
0.034889
-0.0839114
0.0223315
0.0218082
0
0
0.0286465
-0.0780895
0.144836
-0.210063
-0.0124073
0.119557
-0.102983
0.0486361
0.128418
0.0220161
0
-0.0678671
-0.0854211
-0.101428
-0.136366
-0.0902754
-0.0394529
0.0245048
-0.0185558
0
0
0
-0.0786091
-0.0897856
0.0102396
0.00245661
0.00952222
0.0202963
0.0460786
0
0
0
0
-0.066062
-0.0570251
-0.0496861
0.0329388
0.0266804
0.0459126
0.0378795
0.0377075
0
0
0
-0.024226
-0.0274561
-0.0274561
-0.0274561
-0.0274561
-0.0274561
-0.0274561
-0.0274561
-0.0274561
-0.024226
0
0
0
0
0
0
0
0
0
0
0
0
