209
2.18213e-13
0
0
0
0
0
0
0
0
0
0
0
0
0
0
0
0
0
0
0
0
0
0
0
0
0
0
0
0
0
0
0
0
0
0.0112066
-0.0508042
0.0604747
-0.0132792
-0.0917253
0.0294056
0.0145572
0.0913382
0
0
0
-0.00216363
0.00184953
-0.013875
-0.0248669
0.0299614
0.0198451
-0.00665584
-0.0386228
0
0
0
0.00191254
-0.00131599
0.00904459
0.0211298
-0.0181622
-0.0340877
0.00420048
0.0118282
-0.00931383
0.0363686
0
0.00129039
0.00898786
-0.00103401
-0.00611133
-0.0123632
0.036078
-0.00716984
-0.00887555
-0.121355
0
0
0.00455885
0.00556763
0.0139485
-0.0126124
0.00764128
-0.00475163
-0.00286481
-0.0017986
-0.0729521
0.484081
0
0.00430179
-0.0143974
-0.00662243
-0.00423219
-1.95619e-05
-0.0215855
0.00296543
0.0208079
0.131375
-0.365856
0
0.00873818
-0.0103713
0.0109011
-0.00837672
0.000630724
-0.0031124
0.0015904
-0.0109231
0.437331
-0.316977
0
0.000490862
0.0194836
-0.0258186
-0.0100372
0.0118461
0.00565382
0.0231302
-0.038484
-0.0530817
-0.173943
0
-0.00633014
-0.00195968
0.0117882
0.00456578
0.00324302
-0.0127158
-0.00966904
0.0441823
0.00230499
0.0396714
0
0.00130447
-0.00797177
-0.0186188
0.0360896
-0.0209337
0.0116313
-0.00219435
-0.00839338
0.0608694
0
0
-0.00826874
0.0149883
0.00397916
-0.0286202
0.0309142
-0.00635027
0.0113505
-0.0124507
0.00790492
-0.0293569
0
0.00333929
0.00241747
0.0137697
-0.0277107
-0.00985437
0.0256431
0.0502791
-0.0475901
0
0
0
-0.0105449
0.048261
-0.0348644
-0.0678056
0.216701
-0.0656738
-0.140167
0
0
0
0
-0.0703288
0.000371691
0.0099638
-0.0115334
0.103689
-0.0799315
-0.0980938
0.260906
0
0
0
-0.0697199
0.100234
0.0209414
0.0431794
0.00737236
-0.00925599
0.052129
-0.0345085
-0.100246
-0.0207723
0
0
0
0
0
0
0
0
0
0
0
0
