209
1.08166e-14
0
0
0
0
0
0
0
0
0
0
0
0
0
0
0
0
0
0
0
0
0
0
0
0
0
0
0
0
0
0
0
0
0
-0.0837182
-0.0119545
0.0154016
0.0234582
0.0222503
0.374801
-0.0166681
0.0359775
0
0
0
0.011618
-0.00345839
0.00363655
-0.00210071
-0.0134558
-0.00699748
-0.0280995
0.0839089
0
0
0
-0.00796616
0.0113333
-0.0032361
-0.00699067
-0.0136672
-0.000757574
0.0152057
-0.0186768
0.00217011
0.108805
0
0.00539377
-0.0101557
-0.018622
0.0121969
0.000254892
0.0167537
0.00344008
0.0183402
-0.0814372
0
0
0.00944373
0.0189646
-0.017991
-0.00284271
0.00378191
-0.0251604
-0.00198445
0.000963362
-0.00218549
-0.104078
0
-0.00929297
-0.0189159
0.00340944
-0.0026843
-0.00763848
0.0107375
-0.00331654
0.0206275
-0.256167
0.120054
0
-0.011304
0.014066
-0.00635697
0.00780619
-0.0082819
0.00728568
-0.00321502
-0.0279393
-0.0140358
0.0679019
0
0.021506
-0.0119906
0.00129118
-0.0148005
0.0134296
0.0104791
-0.000608706
-0.00123499
-0.0374908
-0.369182
0
3.34845e-05
-0.00722419
0.0153299
-0.0141253
0.0210183
-0.000580793
0.00886142
0.00977863
0.0483735
-0.0142118
0
-0.00506204
0.00463786
0.00676379
0.0082419
-0.0274235
-0.0101406
0.00142451
-0.00601008
-0.0247715
0
0
0.0074447
-0.00710154
-0.00856816
0.0211955
0.0033121
-0.000234969
-0.00376109
0.0218824
-0.000412794
-0.00629981
0
0.000994208
0.0166223
0.0391706
-0.00229936
-0.0384665
0.0184581
0.00750815
0.0184082
0
0
0
-0.0239811
0.0413235
-0.0403293
0.076566
-0.00887746
-0.00771211
-0.0739946
0
0
0
0
-0.0502391
0.0104496
-0.0116509
0.00710591
0.0434865
0.0170882
-0.208748
0.262934
0
0
0
0.324617
0.0856414
-0.341662
0.0935296
-0.393789
-0.0317471
0.0745083
0.0113677
0.195166
0.0232994
0
0
0
0
0
0
0
0
0
0
0
0
