209
11007.8
0
0
0
0
0
0
0
0
0
0
0
0
0
0
0
0
0
0
0
0
0
0
0
0
0
0
0
0
0
0
0
0
0
2.46608e-05
0.00350183
0.00464543
0.0160113
0.0881432
-0.000303793
-0.00763298
-0.000263681
0
0
0
0.0825416
0.0696835
0.0790236
0.0707791
0.0882377
-0.0441778
-0.021361
-0.0230118
0
0
0
0.0828718
0.0163209
-0.0962943
0.120052
0.182982
-0.0611943
-0.127452
-0.273191
-0.0947277
-0.0373657
0
-0.0398962
0.0574963
-0.0134077
-0.0276486
0.0439873
-0.0613726
0.0830325
-0.0958918
-0.0223849
0
0
-0.259421
0.0232105
0.220234
0.123421
-0.0215269
-0.213116
0.126431
0.142017
0.00225322
-0.0260951
0
-0.0219526
-0.0694922
-0.130393
-0.142627
0.0522017
0.128837
-0.00672278
0.019511
0.000914221
-0.0237414
0
0.0267402
-0.140954
0.109014
0.0225675
0.0848702
0.0752891
-0.0754693
0.0394981
-0.010131
-0.0161687
0
0.0359938
-0.104941
0.00280357
-0.0753117
0.183292
0.0588652
-0.0327479
0.0598166
-0.0363155
-0.00798202
0
-0.0238358
-0.0429408
0.0160799
-0.0913894
-0.0812252
0.0313101
-0.012691
0.0313899
-0.0141786
-0.000818669
0
-0.020501
0.0410877
-0.118216
-0.0978892
-0.0987088
-0.01202
0.0877248
-0.0598701
0.00957795
0
0
0.233269
0.0854908
-0.0127581
-0.15406
-0.0658438
0.00588165
0.00244764
-0.0551754
0.0454027
0.0407775
0
0.046674
-0.0390974
-0.00332256
0.0175862
0.0469336
0.111241
0.142694
0.0162128
0
0
0
0.0526528
0.00752177
0.028618
0.0354133
0.0522007
0.10296
0.0855363
0
0
0
0
0.0990393
0.144593
0.181417
0.194932
0.163038
0.0847818
0.0443962
0.0435331
0
0
0
-0.0103624
-0.011744
-0.011744
-0.011744
-0.011744
-0.011744
-0.011744
-0.011744
-0.011744
-0.0103624
0
0
0
0
0
0
0
0
0
0
0
0
