209
-1.48725e-12
0
0
0
0
0
0
0
0
0
0
0
0
0
0
0
0
0
0
0
0
0
0
0
0
0
0
0
0
0
0
0
0
0
0.00158382
0.0481431
0.0508479
0.0571514
-0.0398063
0.0201781
0.0201597
0.0111895
0
0
0
-0.0290881
0.00956921
0.0128935
0.0260419
0.00490592
-0.137635
0.110043
0.148891
0
0
0
-0.0287432
0.0679926
-0.0168843
-0.0472874
0.00959552
0.0338234
-0.0251225
-0.0186756
0.159209
-0.363294
0
-0.0082543
-0.0327371
-0.0308791
0.0742174
-0.09478
-0.00237248
0.0863695
-0.104755
0.256158
0
0
0.0185692
0.00693003
-0.0166071
-0.0275944
0.00311641
0.0277945
-0.082654
0.0010313
-0.00443238
-0.0328568
0
-0.0364468
0.0112753
0.0288352
-0.0507135
-0.0138472
-0.000850201
-0.0153279
-0.0911134
-0.0122164
-0.12989
0
-1.77816e-07
0.0406458
-0.00258619
0.0492629
-0.0287363
0.00469826
-0.0632843
0.104991
-0.0607532
-0.0972783
0
0.0774433
-0.109822
0.0563886
0.0590117
0.00507863
-0.0473034
0.0607346
-0.0246358
0.0975763
-0.021468
0
-0.0789173
0.0580706
-0.0780972
0.0589378
-0.00464619
0.081216
0.020477
-0.0604415
-0.0791697
-0.00229409
0
0.0191413
-0.0143091
0.0319066
-0.117047
0.0872163
-0.104812
0.067192
0.114395
0.0793984
0
0
0.00864861
-0.0135467
-0.027055
0.0435873
0.0220508
-0.0267414
-0.0463929
0.0364978
0.00468354
0.0415769
0
-0.00589668
-0.0629362
0.0205225
-0.0291727
-0.0732318
-0.0711785
0.107168
0.0300499
0
0
0
0.0672417
-0.0507426
0.0245823
0.0452953
0.159336
-0.0421449
-0.28761
0
0
0
0
0.0421191
0.0273785
0.043666
0.279032
-0.353171
0.278541
-0.0892622
0.0657362
0
0
0
0.025856
0.0326773
-0.0230352
-0.00654615
0.00266782
-0.0106069
-0.0137693
-0.00976369
-0.0100281
0.0176688
0
0
0
0
0
0
0
0
0
0
0
0
