209
1991.75
0
0
0
0
0
0
0
0
0
0
0
0
0
0
0
0
0
0
0
0
0
0
0
0
0
0
0
0
0
0
0
0
0
0.000285903
0.0405982
0.0208583
0.0236845
-0.0866202
0.00214033
0.0374829
-0.000104104
0
0
0
0.00114945
0.0488398
0.0440335
0.0404915
-0.0518586
0.00884847
0.0136073
-0.0245717
0
0
0
-0.01274
0.0742152
0.0214553
-0.0944563
-0.00943687
-0.0657452
0.00626188
-0.0117615
-0.0974384
-0.125678
0
0.192931
-0.0974586
0.0512071
0.0581062
0.0129763
0.068649
-0.114329
-0.0248244
-0.0646826
0
0
0.00362147
-0.123499
-0.0529197
-0.0699959
-0.0400422
-0.15957
0.0987649
-0.00339662
0.0394056
0.0115403
0
-0.367805
0.0517249
-0.0137909
0.0667094
-0.17422
-0.0115581
0.0737155
-0.0236732
0.00571161
0.0104994
0
0.0900759
-0.0610614
-0.0495048
-0.155742
0.281344
-0.0708718
0.0564528
-0.0554684
0.00448034
0.00715044
0
0.195553
0.0562614
0.0100481
0.117755
-0.0774761
0.125102
-0.124348
-0.0649913
-0.0224321
0.00352996
0
0.0973885
0.176652
0.119472
-0.0447666
0.0235458
0.140113
-0.125686
-0.0587127
0.00455552
0.000362048
0
-0.0749835
0.0973265
0.0611193
0.064921
-0.0714722
-0.125809
0.194459
0.137717
0.00363098
0
0
0.0145363
-0.150581
0.00737219
-0.0811446
0.000885566
0.189752
-0.0825848
-0.0737574
0.0404633
-0.0249744
0
-0.037366
-0.0244854
0.0152736
0.0466028
0.107765
-0.0801249
-0.0076557
-0.0171102
0
0
0
-0.195792
-0.120407
-0.104493
0.0548037
-0.0266643
-0.0237044
-0.0393115
0
0
0
0
0.00321116
0.0188297
0.0469244
0.046675
0.0671913
-0.0470629
-0.0706985
-0.071357
0
0
0
-0.00539696
-0.00611656
-0.00611656
-0.00611656
-0.00611656
-0.00611656
-0.00611656
-0.00611656
-0.00611656
-0.00539696
0
0
0
0
0
0
0
0
0
0
0
0
