209
2372.62
0
0
0
0
0
0
0
0
0
0
0
0
0
0
0
0
0
0
0
0
0
0
0
0
0
0
0
0
0
0
0
0
0
0.000429639
0.0610087
-0.0594348
-0.244631
-0.0365076
-0.00332985
-0.0613903
-0.000208344
0
0
0
-0.136607
0.00332998
0.323186
-0.0847345
0.0275715
0.0705543
0.0167424
0.0400674
0
0
0
0.0985162
-0.121348
0.220401
0.0760581
-0.0920205
0.0221372
-0.112583
0.000159597
0.0396713
0.0764816
0
-0.135313
-0.0071628
0.0924748
0.170176
-0.0570761
0.13395
-0.0667666
0.0407981
0.0463073
0
0
-0.00206733
0.0795651
-0.296859
0.120767
0.0601913
0.0248716
0.0870148
-0.0120345
0.0877041
0.0541366
0
0.0436738
0.044432
0.0340862
-0.0845142
-0.0879016
0.0609135
-0.146263
0.0643881
0.00565383
0.0492537
0
0.0633992
-0.0631552
-0.0174036
-0.0244613
0.00737304
-0.0750344
0.0782472
0.0865768
0.0210178
0.0335435
0
-0.056815
-0.117824
0.0717771
0.0447047
0.160569
-0.09662
-0.00057301
-0.219994
0.015707
0.0165594
0
0.0650731
0.0267404
0.0326284
0.0651027
0.115002
-0.0557912
-0.010318
-0.0902264
0.0618656
0.0016984
0
0.0263448
0.0433274
0.0263745
-0.0312426
-0.087719
0.117974
0.118931
0.0871303
0.066652
0
0
0.102312
0.0826141
-0.203542
-0.00789454
-0.021641
0.0409431
-0.00860814
-0.00626318
0.122681
0.0467517
0
-0.0266497
-0.00106217
-0.136222
-0.109188
-0.131709
-0.111551
0.0554703
-0.0491872
0
0
0
-0.0871962
0.0671151
0.0181889
0.0159294
-0.0110582
-0.00157398
0.0654751
0
0
0
0
0.0312619
0.0442213
0.062789
0.0248266
0.032205
0.0613411
0.0447315
0.0442963
0
0
0
0.0230748
0.0261515
0.0261515
0.0261515
0.0261515
0.0261515
0.0261515
0.0261515
0.0261515
0.0230748
0
0
0
0
0
0
0
0
0
0
0
0
