209
1.84251e-12
0
0
0
0
0
0
0
0
0
0
0
0
0
0
0
0
0
0
0
0
0
0
0
0
0
0
0
0
0
0
0
0
0
0.00333633
0.117772
0.11168
-0.0531736
-0.0183025
-0.0314728
0.128922
-0.00986318
0
0
0
-0.0135068
0.00729464
-0.0389068
0.0758283
-0.0185883
0.0502121
0.0110543
-0.0792701
0
0
0
-0.0476134
0.0178336
0.0609902
0.0470754
-0.000870096
0.0461669
-0.0382697
0.00280311
0.183791
0.0205612
0
0.0068873
-0.0255612
-0.00535666
-0.00581571
-0.0192648
-0.0427613
0.0396383
-0.160709
-0.311242
0
0
-0.0200307
-0.00229584
0.0571755
-0.0367259
-0.0310965
0.0758208
-0.0639583
-0.0170462
0.120002
-0.0190964
0
-0.0183353
0.0406407
-0.0210018
0.0103863
-0.0179588
-0.0664918
0.0237993
-0.0972294
0.0140984
-0.0318872
0
0.100908
-0.0386319
0.0208461
-0.0460768
0.021583
-0.0292666
-0.0293621
0.0963922
-0.0220053
0.0162766
0
-0.0428017
0.0300605
-0.000947032
0.0206866
-0.0340471
-0.0100266
0.0531228
0.0152527
0.0462805
-0.0183772
0
0.0118301
0.023449
-0.0378277
0.0214868
0.129435
0.0184645
-0.00152751
-0.0938886
-0.0525131
-0.00133344
0
0.00160412
-0.0240229
-0.0437641
-0.00257874
-0.0532216
-0.03081
0.0381413
0.121159
-0.187674
0
0
-0.0412768
0.0640138
-0.0151398
-0.0472392
0.0306646
-0.0469753
0.00927736
-0.0423876
0.0542879
0.133745
0
-0.0265822
-0.10044
-0.090385
-0.225005
0.0508596
0.0495298
-0.150719
0.411571
0
0
0
0.0976695
0.000940369
0.0219194
0.108614
0.117299
0.221707
-0.0113008
0
0
0
0
0.0220945
-0.25448
0.285786
-0.199676
0.020219
0.0873693
0.0465042
0.0481321
0
0
0
-0.0190028
0.0103049
-0.0103688
0.0169462
-0.016833
0.00982368
0.0153413
-0.0227123
0.0240523
-0.0110921
0
0
0
0
0
0
0
0
0
0
0
0
