209
-3.1168e-13
0
0
0
0
0
0
0
0
0
0
0
0
0
0
0
0
0
0
0
0
0
0
0
0
0
0
0
0
0
0
0
0
0
-0.031681
-0.132867
0.100427
0.00664021
-0.0841935
-0.14003
0.0249269
-0.018415
0
0
0
0.00954991
-0.017507
-0.0110073
-0.0298173
0.028448
0.0109176
-0.014346
-0.0109429
0
0
0
-0.0106797
0.00251213
0.00209585
0.018317
-0.0217622
-0.0274384
0.0112895
-0.00496485
-0.012112
0.0469307
0
0.0268283
0.00958808
-0.0086924
-0.0111975
-0.0127859
0.0428528
-0.00491925
0.010511
-0.0791477
0
0
-0.00120447
0.0263536
-0.01751
-0.000438432
-0.0017267
-0.00946006
-0.00746686
-0.00753827
0.0561027
0.0362769
0
-0.00300803
-0.0219921
-0.0119224
0.00791639
-0.0128522
-0.0219614
0.000666261
0.0496855
-0.0699887
0.198544
0
0.00948588
-0.00332276
0.0075829
-0.00481886
-0.00126481
0.00343452
-0.0110969
-0.0549546
-0.178336
0.250091
0
0.0187525
0.0074562
-0.0191007
-0.0218139
0.0215342
0.0102317
0.0472271
-0.049979
-0.146396
-0.0653899
0
-0.00757526
0.000646886
0.0473638
0.00106746
0.0524962
-0.00278914
0.00112654
0.0869145
-0.332368
-0.023393
0
0.00723736
-0.00926687
-0.00735727
0.0347131
-0.0509004
-0.0176532
-0.00215683
-0.026072
0.0301943
0
0
-0.0102046
0.0123313
-0.00260002
-0.0301165
0.0489974
-0.0192706
0.0211005
-0.011948
0.0073212
0.0183174
0
-0.00805382
-0.0120065
0.0317185
-0.0993903
-0.0378245
0.0325579
0.125867
-0.0141783
0
0
0
-0.0335578
0.0922973
-0.0613533
-0.0186843
0.682771
-0.231304
0.0680319
0
0
0
0
-0.082735
0.0561602
-0.0665287
0.022471
-0.0356112
-0.0556527
-0.033903
-0.114179
0
0
0
-0.0572295
0.00127302
0.0488295
0.0183028
-0.0267258
0.00777671
-0.00364177
-0.0224727
0.00542301
0.0246293
0
0
0
0
0
0
0
0
0
0
0
0
