209
-5.58905e-13
0
0
0
0
0
0
0
0
0
0
0
0
0
0
0
0
0
0
0
0
0
0
0
0
0
0
0
0
0
0
0
0
0
0.0276513
-0.0425464
-0.0511771
-0.00640141
0.185666
-0.0062276
0.0597352
-0.0249862
0
0
0
0.0061917
-0.00890386
-0.00311555
0.03129
-0.0123262
-0.00720893
-0.0232613
0.0287721
0
0
0
-0.0162584
0.0095889
0.00433542
-0.00859036
0.0152865
0.00728171
0.00633416
-0.0145736
-0.0163101
-0.0267717
0
0.0180378
-0.0236767
-0.00744063
-0.0143338
-0.0145346
-0.024989
0.0209038
0.0363426
0.0642235
0
0
-0.0185189
0.0467447
-0.028027
0.0153245
-0.0100215
0.00541677
0.000176079
-0.0242816
0.288791
-0.237515
0
-0.0110059
-0.0170124
0.00708471
0.0112331
-0.00133123
-0.000581443
0.0170308
0.0246888
0.0247261
-0.173911
0
0.0147753
0.000382236
0.00156307
-0.0100844
0.00655691
0.00084254
-0.0140356
-0.0486598
0.0685743
-0.177066
0
-0.0250552
-0.0255843
0.0133408
-0.00204342
-0.0108821
0.0268308
0.00724556
0.0247775
-0.114143
0.0970219
0
0.0307972
-0.0217946
-0.0248052
-0.00613374
0.0298238
0.0136752
-0.00507493
0.0181309
0.302879
0.00512867
0
-0.0302062
0.0343959
0.0137438
-0.0103184
-0.00541139
0.0117877
-0.0152405
-0.0109205
-0.068114
0
0
0.0121042
-0.0163998
-0.00227637
0.0157838
-0.0275468
0.00219366
0.0145195
-0.0101876
0.00908395
-0.0723556
0
0.00785984
0.00121726
0.0050112
-0.0420678
-0.0297911
0.0707898
-8.33812e-06
-0.0114201
0
0
0
0.0134288
-0.0142081
0.0240772
0.173165
0.114729
-0.271437
0.214619
0
0
0
0
-0.407819
0.211181
0.223442
-0.23655
-0.109064
0.116189
-0.260971
-0.0566729
0
0
0
-0.000438344
0.00500862
-0.00273779
-0.00980566
0.0455738
-0.0217088
-0.00866133
-0.0353919
-0.0212913
0.0559881
0
0
0
0
0
0
0
0
0
0
0
0
