209
4.0687e-13
0
0
0
0
0
0
0
0
0
0
0
0
0
0
0
0
0
0
0
0
0
0
0
0
0
0
0
0
0
0
0
0
0
0.0181702
0.00393569
-0.0267391
0.0181368
0.0126555
-0.125619
-0.0124047
-0.0795304
0
0
0
0.00618904
0.00610785
0.0114651
0.00335469
-0.0170075
-0.00413418
-0.0178407
0.0718166
0
0
0
-0.00540899
0.00402887
-0.00590971
-0.00413797
-0.00201731
0.0181891
0.00703967
-0.0117997
0.0235522
0.06297
0
0.00157313
-0.0148112
-0.00618062
0.00541045
0.0171164
0.000360803
-0.00142867
-0.00691928
0.0658133
0
0
0.000923647
0.000861813
-0.00442242
-0.000533019
0.00618855
-0.0169038
0.00951719
0.0167801
-0.349749
0.0724422
0
0.000487338
-0.00226593
0.0060435
-6.9572e-05
-0.00844924
0.0120411
-0.0108593
-0.0124845
-0.0791782
0.555277
0
-0.0146099
-0.000562171
0.00368309
-0.00157273
-0.00754843
0.0075202
0.0130899
-0.00281122
-0.0286326
-0.516886
0
0.0082448
0.00425226
0.000975214
-0.0029364
0.00424119
-0.000778376
-0.0236365
0.000118371
0.0386882
0.0730062
0
-0.000681224
-0.00701133
-0.0201422
-0.0115295
0.00424404
-0.00323537
0.0129272
0.00107476
0.0594533
0.0176801
0
-0.00523655
0.00695844
0.0107123
0.00226606
-0.00694039
-0.000447774
0.0014196
0.0102996
-0.03525
0
0
0.00592263
-0.00769809
-0.00382853
0.0123399
-0.00438383
0.00053831
-0.00570934
0.0141025
-0.00620335
0.0110666
0
0.0145952
0.0337874
0.0248796
0.0277122
-0.0337224
0.00377139
-0.00101031
-0.00457832
0
0
0
-0.0126058
0.00156543
-0.0185318
0.413993
0.112152
-0.0297076
-0.0883681
0
0
0
0
-0.0361602
-0.0725933
0.0808401
-0.0620464
0.070895
-0.00718155
-0.00124123
0.0823131
0
0
0
-0.0392289
-0.0286008
0.0142658
-0.017143
0.0634207
-0.00708824
0.00289356
0.0244266
-0.00185437
-0.0178008
0
0
0
0
0
0
0
0
0
0
0
0
