209
14480.2
0
0
0
0
0
0
0
0
0
0
0
0
0
0
0
0
0
0
0
0
0
0
0
0
0
0
0
0
0
0
0
0
0
3.2368e-05
0.00459625
-0.0219366
0.0187988
-0.0025175
-0.000183233
-0.00461829
-0.000160779
0
0
0
0.058875
-0.00206737
-0.0257583
-0.0658739
-0.0497772
-0.0435618
-0.0140559
-0.0281647
0
0
0
0.102017
0.13402
0.0333566
-0.208825
-0.04713
-0.0894548
0.132145
0.0356958
0.0419771
0.0106531
0
-0.0435656
0.0992538
-0.0715277
-0.0568888
-0.0294473
-0.112735
0.0660439
0.0139161
0.00754113
0
0
-0.0948555
0.102597
0.09698
0.0117546
0.0683507
0.0333516
0.19144
-0.0158998
-0.0342776
-0.0236973
0
0.0423249
-0.0025993
-0.161253
-0.112375
-0.0114673
0.00371554
-0.0916748
-0.0783239
-0.00300856
-0.0215599
0
-0.0196052
-0.0968776
-0.25622
-0.105179
-0.025253
-0.153707
-0.213185
-0.135242
-0.00920015
-0.0146831
0
0.119652
0.173134
0.0962956
0.155752
0.338758
0.0200044
-0.0902499
-0.125206
-0.0117619
-0.0072486
0
0.0350498
-0.0243835
-0.157392
-0.0209991
0.172117
-0.0758418
-0.148643
-0.160113
-0.0345824
-0.000743446
0
0.0529026
-0.0199087
-0.167862
-0.088338
0.108954
-0.0634906
-0.159452
-0.0850071
-0.0482483
0
0
0.0169206
0.00384986
-0.115781
0.0409242
0.197898
0.11953
-0.0136877
-0.156817
-0.0401141
-0.0508291
0
0.0307701
0.0170198
-0.0406996
-0.0186824
-0.0160329
-0.0257138
-0.054076
-0.0164082
0
0
0
0.00800435
-0.0293028
-0.0189523
-0.0133897
-0.00530316
-0.0151862
-0.0252727
0
0
0
0
-0.0428409
-0.0534734
-0.0643873
-0.0409251
-0.0381957
-0.0239734
-0.0130797
-0.0128239
0
0
0
0.00578267
0.00655369
0.00655369
0.00655369
0.00655369
0.00655369
0.00655369
0.00655369
0.00655369
0.00578267
0
0
0
0
0
0
0
0
0
0
0
0
