209
848.091
0
0
0
0
0
0
0
0
0
0
0
0
0
0
0
0
0
0
0
0
0
0
0
0
0
0
0
0
0
0
0
0
0
4.44795e-05
0.00631608
-0.019864
-0.0576
0.0638135
-0.000107461
-0.0080881
-0.000742005
0
0
0
0.0128323
-0.194954
0.189797
0.0913973
-0.00505071
0.0347469
0.0131831
0.0169252
0
0
0
-0.109186
0.184307
0.078392
-0.00546038
-0.140093
-0.145041
0.110737
0.0321899
-0.020176
-0.0107543
0
-0.125246
-0.0070844
-0.00406764
0.105673
0.109833
0.0177086
-0.116926
-0.137741
-0.00219215
0
0
0.0445534
-0.193621
-0.126691
0.0767406
-0.00264805
-0.0347447
0.042666
-0.00275826
-0.0325986
0.0446198
0
0.159917
0.251875
-0.0481304
-0.119094
0.0506108
-0.0860092
-0.0150074
0.0903691
-0.00259437
0.0405953
0
-0.0605493
-0.111443
-0.0422715
0.0499732
0.0202917
0.159637
-0.0937227
-0.0275585
0.017323
0.0276468
0
-0.0453797
-0.0127988
0.0618835
0.11945
-0.202523
0.164522
0.0641383
0.0441997
0.0092841
0.0136484
0
0.0356202
-0.102004
-0.00518866
-0.177846
-0.00924159
0.0413399
-0.0294617
0.0098786
0.0316478
0.00139984
0
-0.266218
0.140106
-0.041575
-0.0681624
0.00422184
-0.08739
-0.00517281
-0.0339633
0.00844634
0
0
0.114981
-0.126653
0.0515467
-0.0127553
0.159138
-0.00881773
-0.0808092
0.109146
-0.164747
-0.0397572
0
0.0946321
-0.0444653
-0.0396468
-0.0191409
-0.00169049
0.0783749
0.0291565
0.0114285
0
0
0
0.237897
0.0953515
-0.161828
-0.0700318
0.016757
0.0347789
0.00858647
0
0
0
0
0.0321992
0.0347701
0.0292541
-0.0414312
-0.058672
0.0122224
0.0147488
0.0148781
0
0
0
0.000915199
0.00103723
0.00103723
0.00103723
0.00103723
0.00103723
0.00103723
0.00103723
0.00103723
0.000915199
0
0
0
0
0
0
0
0
0
0
0
0
