209
313.402
0
0
0
0
0
0
0
0
0
0
0
0
0
0
0
0
0
0
0
0
0
0
0
0
0
0
0
0
0
0
0
0
0
-3.15244e-05
-0.00447647
0.0362678
0.042438
-0.0649399
-0.00221574
-0.0488147
-0.00109757
0
0
0
-0.10694
-0.00310848
-0.137524
0.133243
-0.0526726
0.0370651
-0.0207223
-0.0105376
0
0
0
0.0598068
0.109021
-0.0976706
-0.0671341
-0.0584115
0.111582
-0.034845
0.098763
-0.154093
-0.116355
0
-0.103232
0.014009
0.030189
0.065991
0.0549008
-0.210666
0.0157992
0.00808942
-0.0918024
0
0
-0.0346647
0.0707413
-0.156237
-0.0496017
0.102444
0.0283061
0.0549117
0.0251346
-0.0232902
0.0249107
0
-0.127364
-0.111411
0.168994
-0.127129
-0.0391978
0.12899
0.0707589
0.1846
0.00198037
0.0226638
0
0.103337
0.0404635
-0.0187161
0.0483055
-0.0522101
-0.0370685
-0.123839
-0.19618
0.00967121
0.0154349
0
-0.00782021
-0.224886
0.0582911
0.090828
0.0468328
-0.135427
0.00286378
0.0144917
0.249296
0.00761974
0
-0.0264243
0.0606683
-0.0803007
-0.210659
0.0421894
0.145385
-0.0205738
0.0891253
0.0231343
0.000781512
0
0.0679622
-0.0233403
-0.0930062
0.236378
-0.123738
0.0425257
-0.0453729
-0.0382114
-0.00386553
0
0
0.0223427
-0.0899547
0.159454
-0.0465687
0.0190525
-0.0697626
-0.0734718
0.0545748
-0.00432973
-7.29802e-05
0
-0.0178831
-0.00843993
-0.222862
-0.0328413
0.00870135
-0.00113298
0.0894175
0.0539524
0
0
0
-0.0257024
0.229735
0.158689
-0.00046902
-0.0280226
-0.0230596
-0.00799753
0
0
0
0
-0.0136412
-0.00525185
0.0125463
-0.0240557
-0.007531
-0.0134725
-0.0278814
-0.0282986
0
0
0
-0.00757638
-0.00858657
-0.00858657
-0.00858657
-0.00858657
-0.00858657
-0.00858657
-0.00858657
-0.00858657
-0.00757638
0
0
0
0
0
0
0
0
0
0
0
0
