209
1057.12
0
0
0
0
0
0
0
0
0
0
0
0
0
0
0
0
0
0
0
0
0
0
0
0
0
0
0
0
0
0
0
0
0
-0.000666403
-0.0946292
0.050316
0.04729
-0.0388304
0.0041751
0.0776379
0.000341218
0
0
0
0.0843493
-0.0538201
-0.0552156
0.202148
0.0664194
-0.103838
-0.0619792
-0.0663529
0
0
0
0.102589
0.0324806
0.0860584
0.0693332
0.0160108
0.0862873
0.00843129
-0.182743
0.0135389
-0.173638
0
-0.182439
-0.13387
0.0446728
0.0829694
0.0823879
-0.0136798
-0.0811475
-0.01233
-0.0971642
0
0
-0.00229211
-0.0287243
-0.0160193
-0.0633523
0.0965633
0.0153805
0.105813
0.0138874
-0.133182
-0.0535783
0
0.0346091
0.190926
0.0276826
-0.0529453
-0.192012
0.049793
-0.196426
0.0733838
-0.00777132
-0.0487457
0
0.110773
-0.0291887
-0.155072
0.188046
-0.093729
0.0449235
-0.0092294
-0.0350308
-0.020801
-0.0331975
0
-0.13499
-0.0124408
0.0677326
-0.0532224
-0.0655085
0.118187
-0.089654
0.0433084
-0.0929981
-0.0163886
0
-0.0147895
0.0733514
0.0806052
0.0250348
0.0717567
-0.197101
0.281564
0.0320878
-0.0601365
-0.00168089
0
0.222905
0.0901465
-0.0488792
-0.0264263
0.106988
-0.03352
-0.0684653
0.0261924
-0.0544875
0
0
-0.0845254
-0.185479
0.00964816
-0.0428892
-0.072708
0.0224478
0.122415
-0.0678493
0.181819
-0.0418531
0
0.0154366
0.0761088
0.158182
-0.0138312
0.0164114
-0.0876582
-0.0948247
-0.0390244
0
0
0
-0.0832186
-0.00992899
-0.0100162
-0.0418957
-0.0159844
0.0397991
0.00519689
0
0
0
0
-0.0553636
-0.0086762
0.0462954
0.0239514
0.0262963
-0.00392222
-0.0562167
-0.0575051
0
0
0
0.00645024
0.00731027
0.00731027
0.00731027
0.00731027
0.00731027
0.00731027
0.00731027
0.00731027
0.00645024
0
0
0
0
0
0
0
0
0
0
0
0
