209
1.18011e-12
0
0
0
0
0
0
0
0
0
0
0
0
0
0
0
0
0
0
0
0
0
0
0
0
0
0
0
0
0
0
0
0
0
-0.00259069
-0.021342
0.0612315
-0.10364
-0.0230179
-0.0281572
0.0743042
0.0072874
0
0
0
-0.04196
0.04217
-0.0470056
-0.0558805
0.0912509
0.0288465
0.00885716
-0.120242
0
0
0
0.0460021
-0.00449937
0.0136456
0.0430437
-0.0262531
-0.137931
0.0137569
0.0499474
-0.0518579
-0.195792
0
-0.0459319
0.0369666
0.0171439
-0.0276994
-0.0632575
0.0994989
-0.00669605
-0.0175021
-0.202312
0
0
0.0337284
-0.0194787
0.0824124
-0.0427901
0.0356011
-0.00879935
-0.0182016
-0.0161264
-0.0528894
-0.0833354
0
0.0176907
-0.0319586
0.00908315
-0.0548826
0.0256995
-0.0661392
0.00879452
0.0284204
0.0286069
0.0497741
0
0.004882
-0.0345945
0.0324401
0.0059711
-0.0150933
-0.00627271
0.0126674
0.0565884
0.0099665
0.0283817
0
-0.0137498
0.0566707
-0.0848923
0.0244484
0.0058999
-0.00550403
0.043405
-0.081625
0.019686
0.00919004
0
-0.0277654
0.00939727
-0.0292333
0.0360988
-0.0918439
7.5683e-05
-0.0423085
0.024008
0.0527463
0.00140639
0
0.00522782
-0.0165723
-0.0591662
0.067288
0.0364293
0.0432145
-0.00973813
-0.00147374
0.211291
0
0
-0.0187659
0.0302489
0.0046186
-0.0438072
0.0494909
0.013866
0.00814991
-0.0244371
0.0402223
0.0118693
0
0.00646862
0.00469412
0.0217347
-0.00629522
0.0156797
0.0343825
0.12405
-0.245111
0
0
0
0.0326992
0.0254182
-0.0191084
0.0716669
-0.00814861
0.110934
-0.0424237
0
0
0
0
-0.0247329
-0.12202
0.0878865
-0.120714
-0.0577947
0.0344948
-0.0378114
-0.0549772
0
0
0
0.449297
-0.140963
0.144997
-0.196281
-0.104372
-0.0893602
0.0133481
0.131084
-0.381399
0.256707
0
0
0
0
0
0
0
0
0
0
0
0
