209
3.54147
0
0
0
0
0
0
0
0
0
0
0
0
0
0
0
0
0
0
0
0
0
0
0
0
0
0
0
0
0
0
0
0
0
0.000136742
0.0194174
0.258137
-0.117186
0.113621
-0.000253938
-0.0191715
-0.00176048
0
0
0
0.044816
0.147253
-0.0778615
0.0507405
-0.0328374
0.0351655
-0.144094
0.24376
0
0
0
-0.119159
-0.00382084
0.110695
0.057723
-0.0639178
0.0523587
0.0562281
-0.0265415
0.0318032
-0.00156057
0
-0.00885639
-0.159547
-0.00233109
0.0718168
0.135712
0.0708174
-0.0462894
-0.00364245
0.226032
0
0
0.024704
0.0462759
0.196555
-0.189757
0.0361861
-0.128017
0.0830791
-0.00997584
-0.124958
-0.0628917
0
0.00339335
-0.0252591
-0.0191026
0.0851983
-0.0316594
0.0362627
-0.0213537
0.148691
-0.0169125
-0.0572191
0
0.0914836
-0.0429453
-0.054433
-0.0489652
0.0253389
0.00943015
0.0447712
-0.12029
-0.0244168
-0.0389682
0
-0.168208
0.0972344
0.0210605
-0.127286
0.0444324
-0.0441027
0.0556938
0.0665524
-0.0196993
-0.0192375
0
0.199382
0.000626804
-0.178638
-0.0218156
0.105129
-0.0161798
-0.0106299
-0.0852729
-0.0589805
-0.00197307
0
-0.122637
-0.068986
0.0236319
0.145295
-0.175542
0.0323244
0.0751618
0.0999472
0.183166
0
0
0.054256
0.131764
-0.0540044
-0.01841
-0.012488
-0.0788572
0.0115357
-0.0669799
-0.0438398
-0.00213777
0
-0.0600674
0.15322
-0.154431
0.0396746
0.0716177
0.0861285
-0.0968179
-0.0513807
0
0
0
0.0900792
-0.0560223
-0.0239433
-0.137505
0.0417262
0.0943384
-0.017503
0
0
0
0
-0.0289282
-0.0092018
-0.00629851
-0.0411792
-0.0815099
-0.0115119
-0.0207465
-0.0208146
0
0
0
0.00149966
0.00169961
0.00169961
0.00169961
0.00169961
0.00169961
0.00169961
0.00169961
0.00169961
0.00149966
0
0
0
0
0
0
0
0
0
0
0
0
