209
1068.79
0
0
0
0
0
0
0
0
0
0
0
0
0
0
0
0
0
0
0
0
0
0
0
0
0
0
0
0
0
0
0
0
0
0.000288329
0.0409427
-0.0050529
-0.107119
-0.127703
-0.00683619
-0.139593
-0.0020602
0
0
0
-0.160094
0.111845
0.0310536
-0.0122535
0.000546803
0.00320857
0.0307851
0.169524
0
0
0
-0.113576
0.124207
0.0494745
0.0559832
-0.0465138
-0.110638
-0.0486397
-0.00895281
0.186351
0.00274923
0
0.128625
-0.102343
-0.0883434
-0.0657596
0.0173852
-0.0374415
0.0128527
-0.0452982
0.00277702
0
0
-0.0406685
-0.147559
-0.0740584
-0.0217359
0.117339
-0.091276
0.159124
-0.00440138
0.11142
0.067343
0
-0.00667433
0.0295377
0.0875705
-0.00868131
-0.201484
0.0399151
0.017414
0.0579608
0.00835842
0.061269
0
-0.00366228
0.0638102
-0.0346291
0.106522
0.00519359
0.0735905
-0.225793
0.0290402
0.0261449
0.0417263
0
0.0668753
0.112099
-0.060812
-0.181186
0.0594035
0.16193
0.086552
0.131176
0.052561
0.020599
0
-0.102981
0.0194101
0.0512195
0.116425
-0.121031
-0.178752
-0.0342074
-0.0758735
0.0576442
0.00211272
0
0.108613
-0.013693
0.080184
0.0132155
-0.030792
0.0811137
-0.0653838
-0.186666
0.03341
0
0
-0.17891
0.146229
-0.00873435
-0.0289074
-0.0356242
0.0225004
0.0692153
-0.0016564
-0.0796207
-0.0200162
0
0.226631
-0.201419
-0.135969
0.0464321
0.0718964
-0.00734918
0.149561
0.0835615
0
0
0
0.000184071
-0.0152854
0.0537319
0.0342097
-0.0459313
-0.021597
-0.0451796
0
0
0
0
-0.079601
-0.0450319
0.0090586
0.0348278
0.0637834
-0.0584163
-0.105609
-0.106877
0
0
0
-0.00241349
-0.00273529
-0.00273529
-0.00273529
-0.00273529
-0.00273529
-0.00273529
-0.00273529
-0.00273529
-0.00241349
0
0
0
0
0
0
0
0
0
0
0
0
