209
6.26135e-12
0
0
0
0
0
0
0
0
0
0
0
0
0
0
0
0
0
0
0
0
0
0
0
0
0
0
0
0
0
0
0
0
0
0.00100476
0.00154729
-0.0889237
-0.0795331
0.0201812
-0.0102786
-0.0375664
-0.00743322
0
0
0
0.0117111
-0.0650691
-0.047654
0.0319991
-0.0438971
0.0247973
0.0492347
0.044485
0
0
0
0.00849873
0.0212273
0.0119175
-0.0880845
0.116138
-0.0558763
-0.129298
0.0678978
0.0584546
-0.0876938
0
0.0891622
-0.0106758
-0.0247857
-0.000141921
-0.125797
0.00467868
0.100742
0.142404
-0.117246
0
0
-0.0493665
0.00293107
-0.0685107
0.0525605
-0.0565888
0.0840847
-0.0723251
-0.178456
-0.0489044
-0.0533429
0
-0.0347821
0.0811559
-0.0458292
-0.0650525
0.0937619
-0.0612607
-0.0203585
0.154947
-0.00184865
-0.0370041
0
0.0484575
-0.0688289
0.0117312
-0.0249755
-0.0661943
0.0636712
0.036139
-0.0889181
-0.0137387
-0.0493086
0
-0.0971075
0.106099
-0.0487103
-0.0318831
-0.0085632
-0.0419848
-0.00630561
0.426868
-0.022905
-0.0113811
0
0.062695
-0.0957895
0.240098
0.0933478
0.0959012
0.0702975
0.00539198
-0.498933
-0.0501916
-0.000816012
0
0.0251013
0.00219277
-0.0907339
0.0716091
-0.042029
-0.0738136
0.0426382
-0.0266331
0.0890912
0
0
0.0417224
-0.0693135
0.0244591
-0.0386385
0.105986
-0.0155527
-0.0286503
0.0357288
0.0493106
0.0990429
0
-0.0683098
0.0892615
0.0164354
-0.0432359
-0.0624916
0.0473626
0.119212
-0.0772131
0
0
0
-0.0407155
0.0571973
0.0584591
0.0341108
-0.0128161
-0.017172
0.0193389
0
0
0
0
-0.0478882
0.0135317
-0.067331
0.0868369
0.0921188
0.0458665
0.0376982
0.0180422
0
0
0
-0.0253539
0.00533099
0.0014523
0.0084379
0.00167928
0.00750667
-0.00155548
0.0139043
0.00604011
-0.0231483
0
0
0
0
0
0
0
0
0
0
0
0
