209
6.16811e-14
0
0
0
0
0
0
0
0
0
0
0
0
0
0
0
0
0
0
0
0
0
0
0
0
0
0
0
0
0
0
0
0
0
-0.052274
-0.112378
-0.0145716
-0.0457186
0.0196716
0.0777578
0.0760497
0.00909773
0
0
0
0.000650379
-0.0250733
-0.0110357
0.0210898
0.0249764
0.0302685
0.00317464
-0.145772
0
0
0
-0.0179312
-0.0172843
0.0119643
0.0261281
0.0238634
0.0171633
-0.0122444
0.00689521
0.0132853
-0.110511
0
0.0268106
0.00718088
0.0231503
-0.0535743
-0.00613484
-0.0389747
0.00271656
-0.0125853
0.216875
0
0
-0.0387379
0.017018
0.000244357
0.030888
-0.0270489
0.0481896
-0.00368664
-0.020669
-0.00206785
0.257178
0
-4.24047e-05
0.0216476
-0.0139951
0.0226523
-0.0049761
-0.0390354
0.0233073
-0.0134603
-0.0938576
0.0420608
0
0.0505766
-0.0313109
0.016244
-0.0325022
0.0193935
-0.00631861
-0.0160824
-0.0260807
0.131444
0.066642
0
-0.0614392
0.00770716
0.00115021
0.00420352
-0.0284277
0.0109679
0.0322531
0.0162815
-0.115627
-0.439188
0
0.0280702
0.00442575
-0.0243166
0.0100937
0.0659494
0.00871244
-0.0216521
0.0339391
-0.0467941
-0.0362618
0
0.000171431
0.010885
0.00124807
0.00542137
-0.024927
0.00532842
-0.012849
-0.0136148
-0.0303544
0
0
-0.0215532
0.0107834
0.0129274
-0.0444513
0.00431972
-0.0127883
0.0319207
-0.0482297
0.0272226
-0.0432798
0
-0.00773755
-0.0547946
-0.0704296
-0.105212
0.0364031
0.0371435
0.0754014
-0.0568931
0
0
0
0.0461223
-0.0373489
0.0684978
0.32861
-0.146717
0.0999183
0.158819
0
0
0
0
0.0635842
0.0653487
-0.0606762
-0.0835683
-0.176821
0.0910447
0.0428908
-0.376511
0
0
0
-0.0433143
0.0943857
-0.00342775
-0.00404224
0.0208348
0.0845194
-0.119033
0.211211
-0.0644943
-0.205966
0
0
0
0
0
0
0
0
0
0
0
0
