209
5.82231e-14
0
0
0
0
0
0
0
0
0
0
0
0
0
0
0
0
0
0
0
0
0
0
0
0
0
0
0
0
0
0
0
0
0
-0.0399317
0.0100994
-0.0100541
0.0388211
0.0414988
-0.120246
-0.0540123
-0.0729449
0
0
0
0.00567606
0.0138928
0.00875906
0.00161098
-0.0319005
0.00493904
-0.00375575
0.07912
0
0
0
-0.00443164
0.00503332
0.00206399
-0.00625038
-0.00669149
0.0281058
-0.0112038
0.00165328
0.0445441
0.148555
0
-0.00466046
-0.0163103
-0.00999472
0.0294452
0.0245539
-0.000566576
-0.000712974
-0.0300707
-0.106125
0
0
0.00526045
-0.0163271
-0.00199197
-0.013446
0.00932787
-0.00963134
0.00825348
0.021824
-0.327708
0.0273259
0
0.00111255
0.00988967
-0.00326804
-0.000277246
-0.00289913
0.0183217
-0.0150155
-0.0221381
-0.245712
-0.381966
0
-0.0104193
-0.00208464
0.00564465
-0.0111045
-0.00325223
0.00097496
0.020241
0.0118897
-0.0436006
0.240407
0
0.0155198
0.0133557
0.00345121
-0.00958605
0.0117689
-0.00859105
-0.0323682
0.00887149
0.0787872
-0.0399213
0
-0.0117111
-0.0138165
-0.00086912
-0.00972386
-0.00364512
-0.019921
0.0159027
-0.023613
0.484272
-0.0860245
0
-0.000486212
-0.00519406
-0.00646795
0.0110902
-0.010393
0.00674168
0.014572
0.0269899
0.0187732
0
0
0.00733465
-0.00176204
0.00519783
-0.00111726
0.00651008
-0.00608979
-0.0130971
0.0145474
-0.0165478
-0.12321
0
0.0265438
0.0516859
0.0302967
0.0689693
-0.0355078
-0.0285136
-0.00746466
-0.00658859
0
0
0
-0.0325135
0.0186342
-0.0385112
0.271248
0.205905
-0.114292
0.0040337
0
0
0
0
0.115878
-0.193192
0.0221614
0.131923
-0.0223008
0.00258076
0.139478
-0.154382
0
0
0
-0.0220901
-0.106312
0.0503026
-0.000617465
-0.0348027
0.0158925
-0.0023462
-0.00352645
0.0665661
0.0389128
0
0
0
0
0
0
0
0
0
0
0
0
