209
15.6764
0
0
0
0
0
0
0
0
0
0
0
0
0
0
0
0
0
0
0
0
0
0
0
0
0
0
0
0
0
0
0
0
0
0.000249732
0.035462
-0.111721
0.0401127
-0.0362805
0.00120936
0.011816
-0.00118616
0
0
0
-0.0509077
-0.0061234
0.0506387
-0.033639
0.0346133
-0.00304254
-0.0316904
0.382992
0
0
0
-0.016095
0.0588368
-0.129201
0.0133315
0.142726
-0.00777555
-0.0276734
0.023457
-0.0192501
0.0495315
0
0.0368796
0.000219882
-0.0147393
0.00211459
-0.0516226
-0.0410897
0.0499211
0.0138971
-0.0454305
0
0
-0.0764214
-0.0407483
0.0392379
-0.0275698
0.0686001
0.0625732
0.0332685
-0.109959
-0.084262
0.0375914
0
0.118229
0.0636378
0.0131415
9.28718e-06
-0.0866517
-0.118531
-0.089655
-0.00222557
-0.00680408
0.0342008
0
-0.144305
-0.0448711
0.00568384
-0.0554128
0.0487168
0.0889851
0.0669223
0.132838
0.0145943
0.0232919
0
0.152444
0.0396042
-0.0805964
0.0191933
0.0146154
-0.0103756
0.0440663
-0.167882
-0.13988
0.0114985
0
-0.130439
0.0660606
0.201649
0.0226685
0.110311
-0.0621917
-0.0336985
0.131096
0.0223791
0.00117934
0
0.165588
-0.033574
-0.118308
0.129066
-0.0502475
0.045401
0.00516142
0.0866009
-0.0836672
0
0
0.0455113
-0.199885
0.138351
-0.149835
0.0867513
-0.0872636
0.0272456
-0.0383459
-0.0719486
-0.0508333
0
-0.278817
0.134649
-0.19852
-0.00546971
0.0356678
-0.0306349
0.050262
-0.0400526
0
0
0
0.17624
-0.167933
0.121813
-0.113542
-0.0235307
0.0321146
0.0318987
0
0
0
0
0.0198631
0.0554577
0.0969038
-0.0791319
-0.0782885
0.0251712
-0.0144044
-0.0153758
0
0
0
-0.000983895
-0.00111508
-0.00111508
-0.00111508
-0.00111508
-0.00111508
-0.00111508
-0.00111508
-0.00111508
-0.000983895
0
0
0
0
0
0
0
0
0
0
0
0
