209
3.11618e-12
0
0
0
0
0
0
0
0
0
0
0
0
0
0
0
0
0
0
0
0
0
0
0
0
0
0
0
0
0
0
0
0
0
-0.00354002
0.118092
0.250753
-0.0255514
0.17956
0.0660812
-0.139199
0.0114744
0
0
0
-0.011593
0.0195379
-0.053315
-0.0159168
-0.0355591
-0.118657
0.1449
-0.129214
0
0
0
0.0553956
-0.0107791
-0.0226326
-0.0405804
-0.0494713
-0.0412715
0.00305139
0.028354
-0.235167
-0.0296468
0
0.0429061
0.0226216
0.00733163
0.0251333
0.00945913
0.102849
-0.080305
0.165821
0.117077
0
0
0.0173713
-0.0181102
-0.0370586
-0.0345036
-0.0273007
-0.0274877
0.0312974
-0.0254056
-0.170062
0.103488
0
-0.00570629
0.00647139
-0.0371575
0.0342552
0.0132068
0.0889823
-0.0421284
0.161159
-0.00133103
0.0505313
0
0.0159924
0.100691
-0.046263
0.0479447
0.00212892
-0.0375778
-0.0829158
0.0463897
0.0175958
0.0805978
0
0.0192882
-0.0854787
0.0483978
-0.0193164
0.0673219
-0.060409
0.156374
-0.00449987
-0.153081
0.0557065
0
-0.000136719
0.0515875
0.205876
0.0813145
-0.107574
0.0503982
0.0398815
-0.0722845
0.161491
0.00340958
0
0.0404508
-0.0667854
0.000903752
-0.0895642
0.0221848
-0.191094
-0.0126386
-0.0956363
-0.341532
0
0
-0.0346381
0.0612
-0.0639743
0.0358857
0.0614859
0.00299172
-0.00192658
0.0374344
-0.0903347
0.14123
0
-0.102108
-0.160398
-0.00660724
-0.00783651
0.0781895
0.0382309
0.0079941
-0.118278
0
0
0
-0.0431558
-0.0246801
0.0643905
-0.129037
0.110466
0.149422
-0.0296848
0
0
0
0
0.0125511
-0.0288177
0.160934
-0.138259
-0.097735
0.0161231
0.00247642
0.00249054
0
0
0
-0.0106579
-0.00797628
-0.00436511
0.0111243
-0.00403668
0.000476892
-0.00394059
-0.0112586
0.0315508
-0.00246
0
0
0
0
0
0
0
0
0
0
0
0
