209
-1.94231e-12
0
0
0
0
0
0
0
0
0
0
0
0
0
0
0
0
0
0
0
0
0
0
0
0
0
0
0
0
0
0
0
0
0
0.000324566
-0.036454
0.0330967
0.0190397
0.241539
0.0509862
0.0575158
0.00720735
0
0
0
-0.0177404
0.0199274
-0.0130739
0.0155723
-0.0103852
-0.0904561
0.028964
0.178844
0
0
0
-0.0137827
0.0439465
-0.0251977
-0.0179295
-0.0189239
0.00127091
0.01878
-0.036109
0.102058
-0.185986
0
-0.0116417
-0.00715056
-0.0243137
0.0244765
-0.0562828
0.0436312
0.0543424
-0.0444871
0.117297
0
0
0.0368284
0.0145004
-0.0240758
-0.0185537
0.00720014
-0.00930394
-0.0653986
-0.00810453
0.00107094
-0.0673893
0
-0.044737
-0.00608352
0.0166468
-0.0472113
-0.0279392
-0.0138468
-0.00886075
-0.0298747
-0.0023353
-0.0955232
0
0.00529073
0.0237851
0.0126767
0.0383381
-0.0353898
0.0108041
-0.055505
0.037806
-0.0271119
-0.0761743
0
0.0690301
-0.0787206
0.0189372
0.0360363
0.012675
-0.0254652
0.0801317
-0.0399765
-0.0411986
0.00238694
0
-0.0739631
0.0436696
-0.0444799
0.0223708
0.0496567
0.0786027
0.010904
-0.00120858
-0.0399362
-0.000374557
0
0.0283391
-0.0156631
0.0117807
-0.0447738
-0.00283338
-0.105222
0.0438767
0.0636018
0.0588424
0
0
-0.0147815
0.00232897
-0.0308166
0.0434694
0.047994
-0.0223552
-0.0246858
0.0411451
0.0394509
-0.0212718
0
0.0156288
-0.0486014
0.0850534
-0.102715
-0.0791584
-0.0819677
0.219521
0.014261
0
0
0
0.0217445
0.0150166
-0.0220853
0.0510187
-0.00902945
0.024534
0.379636
0
0
0
0
0.186621
-0.16784
-0.013518
-0.107478
0.142602
-0.602343
-0.0183302
0.0801536
0
0
0
-0.00387928
0.0230677
0.000113253
0.00222794
-0.00627016
-0.00331635
-0.0168298
0.0196113
-0.00968968
-0.00622341
0
0
0
0
0
0
0
0
0
0
0
0
