209
2.53247e-13
0
0
0
0
0
0
0
0
0
0
0
0
0
0
0
0
0
0
0
0
0
0
0
0
0
0
0
0
0
0
0
0
0
-0.0233653
-0.09399
-0.0867248
-0.0501753
-0.182895
-0.182601
0.0642804
0.0688917
0
0
0
6.75447e-05
-0.0249386
0.000818027
0.0165191
0.0295835
0.0466384
-0.00558533
-0.139688
0
0
0
-0.0128051
-0.0240769
0.00863122
0.022572
0.043158
0.0200623
-0.0221311
0.0151266
0.0243529
-0.178464
0
0.0181834
0.00810522
0.0305313
-0.0579709
0.00160224
-0.057423
0.00811854
-0.01776
0.338948
0
0
-0.0433823
0.0047451
0.0104072
0.039219
-0.020452
0.052631
0.00468643
-0.0190244
-0.123013
-0.00499583
0
0.00926071
0.0291231
-0.00931521
0.0170682
0.00517519
-0.0429203
0.0209749
-0.0278357
-0.0475762
-0.00781786
0
0.0352701
-0.0510307
0.0204683
-0.0361308
0.0152409
0.00230724
0.0138751
-0.0278385
-0.116912
0.35277
0
-0.0723602
0.036244
-0.00963385
0.009712
-0.0398619
0.0107003
-0.0131856
0.0396453
-0.0417126
0.152904
0
0.0326906
-0.0123486
-0.0460348
0.00388974
0.0450664
-0.000823484
-0.0244582
0.012562
0.159561
-0.0180666
0
-0.00743866
0.0209531
-8.73126e-05
0.0158045
-0.00174706
0.04139
-0.0147983
-0.00698117
-0.0547915
0
0
-0.00835216
-0.0050024
0.0258009
-0.0483119
-0.0130326
-0.00429781
0.0261938
-0.0520389
0.0271823
-0.0479624
0
0.00866926
-0.00897986
-0.0710321
-0.0597506
0.0497749
-0.0279988
0.0565437
-0.0188809
0
0
0
0.0449659
-0.054653
0.0740045
0.108218
0.0216446
0.100237
-0.183333
0
0
0
0
-0.0162163
0.09041
-0.0181882
-0.184569
0.196552
-0.0822858
-0.216588
0.418978
0
0
0
-0.127416
0.0792757
0.0563744
0.106431
-0.102561
-0.0171338
0.0503604
0.0867265
-0.113582
-0.0379283
0
0
0
0
0
0
0
0
0
0
0
0
