209
37020.8
0
0
0
0
0
0
0
0
0
0
0
0
0
0
0
0
0
0
0
0
0
0
0
0
0
0
0
0
0
0
0
0
0
-3.99498e-06
-0.000567287
0.0197281
0.0158174
0.00892125
0.000375362
0.00714469
5.0502e-05
0
0
0
0.120141
0.235409
0.19892
0.245687
0.213477
0.15349
0.0576184
0.012883
0
0
0
0.0737587
0.0886197
-0.150746
-0.193627
-0.182081
-0.100197
0.0248222
-0.0990405
-0.0187476
-0.00644276
0
0.0487203
-0.0507855
-0.0247078
0.0143836
0.0115368
-0.0378378
-0.061889
-0.109881
-0.00317989
0
0
-0.0206001
0.0604639
0.00989024
0.0286545
0.0750865
0.14156
0.0367265
-0.179637
-0.000952586
0.00594957
0
-0.181951
0.0612309
0.114311
0.121849
0.117966
0.0853121
0.0326799
-0.129817
-9.7769e-06
0.00541294
0
-0.25267
0.0970525
0.106559
0.0949278
0.0807407
0.088015
0.0248649
-0.11701
0.00230983
0.0036864
0
-0.276756
0.0406106
0.0322888
0.0425474
0.00413424
-0.00156886
-0.016839
-0.154089
-0.0304275
0.00181987
0
-0.217673
-0.0185114
0.0508555
0.0508863
0.101394
0.0322822
0.0344773
-0.128999
0.00459825
0.000186653
0
-0.0202301
-0.108457
-0.028339
0.0526348
0.0151245
-0.0351916
-0.0367559
-0.0976283
0.00230578
0
0
0.1311
0.169483
-0.00177531
-0.111571
-0.0891212
0.0575699
0.0617198
0.0958069
0.00500894
-0.00376976
0
-0.0208934
0.00115849
0.0288549
-0.036376
-0.031139
-0.0357575
-0.08314
-0.0296941
0
0
0
-0.00662781
-0.0011032
-0.00410133
-0.00542911
0.00166724
-0.00583593
-0.0307995
0
0
0
0
-0.00152071
-0.00958842
-0.0193607
-0.0183215
-0.0192818
-0.0290914
-0.019882
-0.019653
0
0
0
-0.00386659
-0.00438213
-0.00438213
-0.00438213
-0.00438213
-0.00438213
-0.00438213
-0.00438213
-0.00438213
-0.00386659
0
0
0
0
0
0
0
0
0
0
0
0
