209
-8.06259e-13
0
0
0
0
0
0
0
0
0
0
0
0
0
0
0
0
0
0
0
0
0
0
0
0
0
0
0
0
0
0
0
0
0
0.00237443
-0.0524123
0.0834462
0.0468971
-0.140339
-0.0545693
-0.0391172
0.00631056
0
0
0
0.00708016
0.000852211
0.0121095
-0.0249548
-0.00410085
-0.0408564
-0.0151136
0.16726
0
0
0
-0.00540715
0.0285921
-0.0151681
-0.018491
-0.0224883
-0.0226034
0.0243833
-0.030265
0.00103815
0.00258414
0
0.0143864
-0.0151404
-0.0308291
0.0293
-0.0108105
0.0516753
0.011265
0.0143813
-0.0695267
0
0
0.0218856
0.0245939
-0.0273935
-0.0180199
0.0150116
-0.0474954
-0.0107959
0.0120281
0.113682
-0.183094
0
-0.00400358
-0.0422088
0.015878
-0.00729335
-0.0165226
0.015017
-0.0244218
0.0444856
0.0374643
-0.127075
0
-0.0438745
0.0252883
-0.0102028
0.0352737
-0.0238053
0.0164488
0.000871858
-0.0222882
-0.00245294
-0.103581
0
0.0790948
-0.00935655
-0.00608427
-0.00544781
0.0331997
-0.00368626
0.00972639
-0.0622841
-0.00657682
-0.0129165
0
-0.0240348
0.00263986
0.0392106
-0.00346699
0.00753213
0.0168409
0.0376697
0.0484837
0.12641
-0.00196366
0
-0.0031808
-0.00450551
0.0163266
-0.0113341
0.00157492
-0.0407904
0.0083573
0.00736938
-0.049276
0
0
0.0172468
-0.00978367
-0.0297206
0.0319522
0.0217653
-0.0103579
-0.00893101
0.0303169
-0.017948
0.0286988
0
-0.0141915
0.0281666
0.0859045
-0.0600035
-0.0835526
0.00656023
0.0883813
0.074972
0
0
0
-0.049399
0.0945006
-0.103065
0.163979
0.126449
0.528359
-0.186259
0
0
0
0
-0.101475
0.352354
-0.359619
-0.193968
0.093627
-0.0169784
0.223087
-0.109681
0
0
0
-0.00840461
0.0291197
-0.0150808
-0.0121181
0.00302778
-0.00536492
-0.00320856
0.0197973
0.00256521
-0.0128314
0
0
0
0
0
0
0
0
0
0
0
0
