209
-3.6262e-12
0
0
0
0
0
0
0
0
0
0
0
0
0
0
0
0
0
0
0
0
0
0
0
0
0
0
0
0
0
0
0
0
0
0.00304372
-0.182075
0.0455391
-0.140976
-0.0464259
-0.0227949
-0.0505013
-0.00797801
0
0
0
0.0242575
-0.0576095
0.0703916
-0.00796229
0.0535734
0.0150842
-0.0965709
0.0024924
0
0
0
0.00902093
-0.00627206
-0.0235643
-0.031394
0.0708551
-0.0523596
0.0543569
-0.0638028
-0.134602
0.0154615
0
0.0650573
-0.0341436
0.00407198
-0.0986536
0.0305154
-0.0168704
-0.0241199
0.114868
-0.0791237
0
0
-0.0368922
0.0599349
0.0622311
0.044437
-0.0335299
-0.0658353
0.0439513
0.00189027
-0.0654092
-0.0433143
0
0.0655992
-0.0888672
0.0661491
0.0565691
0.00780497
0.0114503
-0.0435517
0.0915666
0.00193146
-0.0754474
0
-0.126131
0.00711684
-0.0974155
0.124781
-0.0394501
0.0477403
0.0833579
-0.00679118
-0.0218406
-0.0352379
0
0.0100121
0.116683
-0.0369943
0.0321051
-0.0447115
0.00440229
-0.126897
-0.0377062
0.279517
-0.0386021
0
0.160859
0.0230733
0.0363876
0.0237126
-0.055924
0.0489363
0.100989
-0.0231269
-0.0174922
-0.001436
0
-0.0761238
0.0475402
0.121509
-0.133861
0.160101
-0.0231734
-0.0823943
-0.0401421
0.048736
0
0
0.0643789
-0.0366279
-0.112671
0.112234
-0.150135
0.0474224
0.00566518
-0.00387554
-0.0731792
0.162997
0
-0.241677
-0.029873
-0.125599
-0.322775
0.257284
-0.139855
0.192713
0.182183
0
0
0
0.0944973
-0.0508261
0.0251846
0.0596398
-0.0432769
-0.150404
-0.0623398
0
0
0
0
0.0436762
0.0295512
0.0348982
-0.0109629
-0.0839283
-0.117058
-0.0312582
-0.0276768
0
0
0
0.0251714
-0.00985826
-0.0239529
0.0109261
0.00870797
-0.00038365
0.0043075
-0.016091
0.00250651
0.00184468
0
0
0
0
0
0
0
0
0
0
0
0
