209
1.7964e-18
0
0
0
0
0
0
0
0
0
0
0
0
0
0
0
0
0
0
0
0
0
0
0
0
0
0
0
0
0
0
0
0
0
-0.0281666
-0.00482152
-0.00189728
0.00367678
0.0186372
-0.0607544
0.00345562
0.0426682
0
0
0
0.00119668
-7.38714e-05
0.000492087
0.00202559
-0.00423035
-0.00284076
-0.00219883
0.012534
0
0
0
-0.00158709
0.000936273
-0.00160147
-0.000894446
-0.000744966
0.00346669
0.00203491
-0.00353758
0.00279041
0.0062508
0
0.00210588
-0.00160479
-0.0011475
-0.000303772
0.00177014
0.000283171
0.000324999
0.00159055
0.0140524
0
0
-0.000143143
0.00177895
-0.00465436
0.00124649
-0.000465745
-0.00194619
3.46642e-05
0.000880856
-0.0193485
-0.00761592
0
-0.00174608
0.000128172
0.000180484
0.000558035
-0.00274753
0.00153599
-0.000989619
0.000476607
0.364494
0.0402403
0
-8.80581e-05
0.000962947
0.00103897
-0.000544731
-0.000971815
0.00118194
-0.00157925
-0.00348869
0.0310338
-0.0144105
0
0.00198571
-0.00285982
0.00168785
-0.000630321
0.00102429
5.11317e-05
0.00184699
0.000516665
-0.00748443
-0.0434244
0
-0.0011534
-4.78101e-06
-4.81124e-05
-0.00187492
0.00664229
0.00235207
0.00193289
0.00233308
-0.00209926
-0.892342
0
0.000902885
0.000694239
0.00183091
-0.000239727
-0.00504627
-0.00485066
0.000396369
-0.000285873
-0.00789653
0
0
-0.000747392
-0.000833373
-0.00120054
0.00211189
0.00180574
-0.00129137
0.000334087
0.00226053
0.000903408
-0.00155554
0
0.002
0.000647021
0.00544307
-0.00360347
-0.00847366
0.00304508
0.00713408
0.000578695
0
0
0
-0.00289135
0.0020976
-0.00235045
0.0149217
-0.00765242
-0.00506803
0.000168803
0
0
0
0
-0.000416281
-0.00290266
-0.000137791
0.00600372
-0.012292
0.00518978
-0.0352249
0.0216415
0
0
0
0.0231971
-0.152198
-0.0260292
-0.0107486
-0.0843115
0.035513
0.0994035
0.0406521
0.102732
-0.0288787
0
0
0
0
0
0
0
0
0
0
0
0
