209
243.186
0
0
0
0
0
0
0
0
0
0
0
0
0
0
0
0
0
0
0
0
0
0
0
0
0
0
0
0
0
0
0
0
0
-0.000766518
-0.108845
-0.164407
0.261038
0.121786
0.00110844
0.0123149
-0.000908387
0
0
0
-0.0283299
-0.00630372
0.105714
-0.129869
-0.0183968
0.0334849
0.0445954
0.0816167
0
0
0
0.0647454
0.0492867
-0.171994
0.155713
0.049855
-0.0444758
-0.0727052
0.162639
-0.130499
-0.16711
0
-0.00745001
-0.0803298
0.051803
-0.0595556
-0.112762
-0.0141421
-0.00382657
0.0283912
-0.0979883
0
0
0.0402274
-0.0220705
0.0381368
0.0111593
-0.00182833
-0.0222731
0.0028753
-0.107914
-0.051815
-0.056452
0
0.0217998
0.0470127
0.0335798
0.0997733
-0.0803575
-0.164438
0.0104677
0.167351
-0.00061637
-0.0513603
0
-0.124197
0.0489082
-0.000303024
0.0155273
0.0694072
0.0474051
-0.126992
0.0910257
-0.0219167
-0.0349781
0
-0.0800704
-0.0742511
-0.00734742
0.0816153
0.00404099
0.0889414
0.0154473
-0.0949805
-0.0611763
-0.0172677
0
0.160241
-0.0247174
-0.118447
-0.184942
0.134832
-0.0112329
0.13844
-0.0503484
-0.0557364
-0.00177104
0
-0.111579
0.00438284
0.13603
-0.0858086
0.00976978
0.0041509
0.0667777
-0.0194388
-0.0424997
0
0
-0.119156
0.157203
-0.132654
0.0125571
-0.00103856
-0.027337
0.0611646
-0.101644
0.0628434
-0.0132327
0
0.034418
-0.126072
-0.176971
0.0284775
0.121193
0.00767691
-0.177929
-0.0852705
0
0
0
-0.0565474
0.0733544
0.167286
0.0456916
0.0622239
0.0679542
0.0493228
0
0
0
0
-0.109896
-0.105576
-0.117339
0.14135
0.107309
0.0566405
0.0624644
0.0627401
0
0
0
-0.00353142
-0.00400227
-0.00400227
-0.00400227
-0.00400227
-0.00400227
-0.00400227
-0.00400227
-0.00400227
-0.00353142
0
0
0
0
0
0
0
0
0
0
0
0
