209
-5.15067e-12
0
0
0
0
0
0
0
0
0
0
0
0
0
0
0
0
0
0
0
0
0
0
0
0
0
0
0
0
0
0
0
0
0
-0.00119062
0.0747303
-0.072504
-0.112072
0.0357226
0.014538
0.350683
-0.00415538
0
0
0
-0.0383694
0.0347287
-0.0125404
0.0880209
-0.074952
-0.020514
-0.107547
-0.0143899
0
0
0
0.0711632
-0.0514568
-0.0242498
0.064668
-0.0160882
-0.0795986
0.181975
-0.112919
-0.174016
0.0716892
0
0.0165727
0.0402181
0.0686031
-0.192467
0.0674441
0.0231633
-0.148394
0.132723
0.0343741
0
0
-0.0173178
-0.0675067
-0.0122076
0.0586748
-0.00942716
-0.0915619
0.0514015
0.0767681
0.0361753
-0.051051
0
0.0523519
0.0317468
0.0703113
-0.0174504
-0.0869801
-0.0164519
-0.0177414
-0.0293714
-0.00202087
-0.0551235
0
-0.0208498
-0.00269238
0.0660886
-0.0393717
-0.0140557
0.0489223
-0.0380413
0.123363
-0.0269352
-0.0365777
0
-0.0591621
0.0640025
-0.077492
0.0696207
-0.0477541
-0.0222318
0.0676015
0.0194351
0.100932
-0.0176584
0
0.0307502
0.0942115
-0.00251845
-0.0964169
0.106031
0.115579
0.0143903
-0.0985583
-0.00721957
-0.000840558
0
0.110722
0.011335
0.0094028
0.0641646
-0.138273
-0.12679
-0.10967
-0.145052
0.0578276
0
0
-0.132082
0.0120691
-0.0739588
0.057584
0.0377261
0.0365397
0.0689548
0.0511189
0.148522
0.0121214
0
-0.0894276
-0.139482
-0.0612591
0.213172
-0.389244
0.0666921
0.0268533
0.0802236
0
0
0
0.0795592
-0.130663
0.104565
0.013614
0.0706979
-0.0477173
-0.141631
0
0
0
0
0.104937
0.0351194
-0.0282031
-0.0112966
-0.0269805
-0.0327464
0.0343596
-0.00428747
0
0
0
-0.00321409
0.00670074
-0.00660279
-0.00121655
0.00858128
0.00970412
-0.0121788
0.00411355
0.0054752
-0.0133062
0
0
0
0
0
0
0
0
0
0
0
0
