209
266.219
0
0
0
0
0
0
0
0
0
0
0
0
0
0
0
0
0
0
0
0
0
0
0
0
0
0
0
0
0
0
0
0
0
-0.00109066
-0.154873
-0.0345549
-0.146717
0.116856
0.000494882
0.0087786
-1.05991e-05
0
0
0
0.134689
-0.0581625
0.0600502
-0.0402904
0.0385779
-0.00158773
0.0591392
-0.120101
0
0
0
-0.148886
0.0436834
0.0293327
-0.13463
0.059371
-0.0146801
-0.0320104
0.0966615
0.0649729
-0.0898913
0
0.0797557
-0.00966791
-0.0183358
0.0650899
-0.0953532
0.109531
-0.0743581
0.103128
-0.067732
0
0
0.0601117
-0.0742168
-0.0473516
0.0655669
-0.033991
-0.2033
0.105455
0.017629
-0.0672818
0.0020799
0
-0.183463
0.0336104
0.022587
-0.0945802
0.0979414
-0.0838403
0.0743883
0.0970952
-0.00374185
0.0018923
0
-0.0475427
0.029132
0.169878
0.0470716
-0.22434
0.0551734
-0.0209581
0.0424256
0.000807491
0.00128872
0
0.237152
-0.0973608
0.00149322
0.0292324
0.106629
-0.00787408
-0.0367476
0.0250073
-0.0502463
0.000636205
0
-0.182444
0.0172568
-0.0907919
-0.144766
0.117077
-0.151983
0.0927692
-0.108323
-0.01209
6.52518e-05
0
0.0801316
-0.0106363
0.0237272
0.100914
-0.0343961
0.180446
-0.0686131
0.0715254
-0.0485091
0
0
0.0906429
0.0386052
0.0640215
0.182288
-0.219559
0.00568127
0.0558944
-0.0980267
0.0138635
-0.0567602
0
0.0416102
0.0654616
-0.0531238
0.017223
0.010073
0.173309
-0.151721
0.0780063
0
0
0
-0.00857853
-0.120452
-0.038461
-0.0439646
0.0357118
-0.011277
-0.0773485
0
0
0
0
0.149519
0.0938193
0.0187446
-0.0988926
-0.120988
-0.0618716
0.00652412
0.00828369
0
0
0
0.00619226
0.0070179
0.0070179
0.0070179
0.0070179
0.0070179
0.0070179
0.0070179
0.0070179
0.00619226
0
0
0
0
0
0
0
0
0
0
0
0
