209
2.1332e-12
0
0
0
0
0
0
0
0
0
0
0
0
0
0
0
0
0
0
0
0
0
0
0
0
0
0
0
0
0
0
0
0
0
-0.00683582
-0.0814114
0.0164684
-0.0304366
0.263103
-0.0123227
0.0288432
-0.0044655
0
0
0
-0.0173532
0.0623499
-0.0315017
0.0416405
-0.0588503
0.0948465
-0.0527639
0.0312794
0
0
0
0.000622315
-0.0107524
0.0450437
0.0582071
-0.0253996
0.0161796
-0.00430734
0.00811202
0.119475
-0.0885497
0
-0.0391008
-0.0102565
0.00862855
-0.010884
0.0612444
-0.00251722
-0.0120257
-0.140455
-0.0420937
0
0
0.0138327
-0.0552181
0.0655174
-0.0468127
0.0120464
0.0126429
-0.00738818
0.0405753
-0.0449974
0.155822
0
0.0108004
0.0303089
-0.00937621
0.000676382
-0.0186649
-0.0374105
0.0020943
-0.0899761
-0.00478914
0.0316871
0
0.0405235
-0.0589651
0.0473022
-0.0585918
0.0145714
-0.0214489
0.0366088
0.0951921
0.00540314
0.0336722
0
-0.0136851
0.098733
-0.0448641
0.0139165
-0.0167447
-0.0102088
-0.0246387
-0.0373177
0.180086
0.0668599
0
-0.0155056
-0.00610298
-0.0398769
-0.0283622
0.055739
-0.0308454
0.00719975
-0.0358732
0.0723404
0.00560538
0
0.00916571
-0.0250933
-0.0686975
0.0689759
-0.0613596
0.0389943
0.0149645
0.0938218
-0.5175
0
0
-0.0400123
0.0562791
0.00230967
-0.0464719
0.026438
-0.0252788
0.00822496
-0.0284739
0.0413697
0.355122
0
0.0456138
0.0326046
0.00626777
-0.0448394
-0.0260816
0.00249005
0.0982535
-0.0536105
0
0
0
0.00341927
0.0393547
-0.0685233
-0.0453441
-0.0756143
-0.203202
-0.0234391
0
0
0
0
-0.0639679
0.242018
-0.281765
0.16099
0.0270733
-0.0554015
-0.0361437
-0.0370747
0
0
0
0.114254
-0.030965
0.012014
-0.0359373
-0.0310941
-0.0200905
-0.0054555
0.00622328
-0.0641576
0.0778036
0
0
0
0
0
0
0
0
0
0
0
0
