209
410.017
0
0
0
0
0
0
0
0
0
0
0
0
0
0
0
0
0
0
0
0
0
0
0
0
0
0
0
0
0
0
0
0
0
0.000944061
0.134057
0.201919
0.129378
-0.0519956
-0.000346285
-0.0169204
-0.00129024
0
0
0
-0.00880331
-0.0210467
0.00371364
-0.0229582
-0.00338813
0.0836972
-0.124768
0.121744
0
0
0
-0.0342966
-0.0492777
0.00484098
0.0553832
-0.00865547
0.109147
0.0162483
-0.0264576
-0.079333
-0.153276
0
0.0463708
0.159945
0.0745183
-0.0526375
-0.201083
-0.0793531
-0.0912849
-0.000526005
-0.0686118
0
0
-0.0862662
-0.0908435
0.018323
0.0248142
0.0114761
0.00146466
0.0614633
0.147953
0.00976972
0.0124419
0
0.0925742
-0.0223175
0.0021684
0.0218567
-0.0427182
0.0984792
-0.0562721
-0.000858013
0.00287729
0.0113197
0
-0.092261
0.170871
0.120271
-0.117838
-0.0343499
-0.155127
0.0256161
-0.0695951
0.00483039
0.0077091
0
-0.117097
-0.018295
-0.209031
0.188649
-0.0756438
0.113655
-0.0356592
0.0474297
-0.0931566
0.00380576
0
0.0864153
-0.0371335
0.100602
-0.000315087
0.242104
-0.160076
0.0141001
-0.0425838
0.0332112
0.000390334
0
-0.0224112
-0.113129
-0.175361
-0.208902
-0.0928819
0.0540956
0.0144563
0.0161161
0.0909324
0
0
-0.0432031
-0.019733
0.0551758
0.129354
-0.0614759
-0.016122
-0.0986699
0.129456
-0.111542
0.0876211
0
0.279639
0.0564102
-0.00828913
-0.0425398
0.0516202
-0.0678314
0.00946846
-0.0230591
0
0
0
-0.0945122
-0.0184028
0.00482533
0.0214974
-0.0247957
-0.0732545
-0.0404409
0
0
0
0
0.149621
0.111932
0.0783358
-0.0847019
-0.0646739
-0.0383015
-0.00290794
-0.00212053
0
0
0
-0.00455696
-0.00516456
-0.00516456
-0.00516456
-0.00516456
-0.00516456
-0.00516456
-0.00516456
-0.00516456
-0.00455696
0
0
0
0
0
0
0
0
0
0
0
0
