209
8487.33
0
0
0
0
0
0
0
0
0
0
0
0
0
0
0
0
0
0
0
0
0
0
0
0
0
0
0
0
0
0
0
0
0
3.59316e-05
0.00510229
0.0256504
0.0069306
-0.11289
0.00231746
0.0449854
0.000417103
0
0
0
0.155859
0.161483
0.0359156
-0.00955452
-0.111083
0.0144126
0.00565843
-0.0305202
0
0
0
-0.0287688
-0.0161159
-0.0775192
-0.00220795
-0.0161164
0.0608755
-0.0755414
-0.0904593
0.0305217
0.0560991
0
0.0115887
-0.0544743
-0.0218155
-0.0389248
0.0815685
0.197466
-0.014913
-0.0790355
0.0293238
0
0
-0.157536
-0.220934
-0.0596216
-0.0978697
0.04658
0.0201897
0.158536
0.32816
-0.0365858
-0.0781098
0
-0.146155
0.109085
0.138779
-0.0391882
0.133454
-0.179335
-0.0183752
0.199976
-0.00373858
-0.0710646
0
0.0112987
0.0541199
0.0152588
0.0661593
0.0481629
-0.115052
0.0791715
0.111375
-0.030325
-0.0483975
0
0.00115224
0.0136563
0.0928624
0.111582
0.0101565
-0.21433
-0.0253625
0.0129894
-0.117538
-0.0238924
0
0.0179555
-0.0286516
-0.0315628
0.0359147
0.0797703
0.0535956
-0.120371
-0.0275844
-0.0665009
-0.0024505
0
-0.0627654
-0.0510943
-0.0392669
-0.102478
0.145735
0.22099
-0.0570819
-0.128431
-0.0415242
0
0
-0.00209948
-0.0648636
0.0721545
-0.0170106
0.113992
-0.196155
0.0707451
0.0529002
-0.0128877
0.0246714
0
-0.0497061
-0.0811759
0.0563118
0.0333098
0.0541638
-0.0745951
0.1329
0.0221595
0
0
0
-0.000898185
-0.0260163
0.0347881
0.026387
-0.0461163
-0.0568675
0.0861005
0
0
0
0
-0.119325
-0.118429
-0.102266
-0.0368946
-0.00613093
0.0786075
0.0680436
0.0676648
0
0
0
0.0138213
0.0156641
0.0156641
0.0156641
0.0156641
0.0156641
0.0156641
0.0156641
0.0156641
0.0138213
0
0
0
0
0
0
0
0
0
0
0
0
