209
6239.02
0
0
0
0
0
0
0
0
0
0
0
0
0
0
0
0
0
0
0
0
0
0
0
0
0
0
0
0
0
0
0
0
0
-2.24695e-05
-0.00319067
0.00217088
-0.0696792
0.025902
-0.00427676
-0.0812379
-0.000555362
0
0
0
-0.00122618
0.0355157
0.0888203
-0.0677188
0.110208
0.0853168
0.0947812
0.0897848
0
0
0
-0.0300859
-0.00907229
0.089948
0.0161144
0.00969975
-0.0640752
0.0355767
-0.0286459
-0.0494812
-0.0488285
0
-0.020233
-0.00746173
0.200242
0.0722431
0.0384318
-0.08323
0.00158011
-0.0350945
-0.0332267
0
0
-0.1013
0.0725994
-0.0261647
-0.0367758
-0.0717543
-0.0478957
0.0205583
-0.0547684
-0.0232618
-0.0398307
0
0.0630378
0.0702903
-0.190518
-0.0330581
-0.108738
-0.035162
0.245434
0.00918218
-0.000996934
-0.0362381
0
-0.0156002
0.125049
0.0777619
-0.01537
-0.155555
-0.105659
-0.00548492
0.011886
-0.0154637
-0.0246794
0
0.0227073
0.0688943
0.138211
-0.0163496
-0.0223029
0.121548
-0.129563
-0.0127451
-0.031203
-0.0121835
0
0.117953
-0.0701151
-0.11714
0.0946926
0.0225316
0.132953
-0.0879503
0.0406429
-0.0339453
-0.00124959
0
0.0448328
-0.084815
-0.0295049
0.0384973
-0.000954718
-0.0419058
-0.126992
0.0254419
-0.0220733
0
0
-0.122972
-0.00589297
0.196886
-0.0485384
-0.0715222
-0.0361964
0.052242
0.144921
-0.0328135
0.0124416
0
-0.149048
-0.099635
0.13131
0.0588021
0.0209058
0.0372561
-0.0133175
0.00219822
0
0
0
-0.0342122
0.0481607
0.108298
0.0250027
0.0165202
0.0212929
-0.0161105
0
0
0
0
0.0335047
0.039811
0.0430634
0.0601248
0.0519574
-0.015321
-0.0197441
-0.0198203
0
0
0
0.161586
0.183131
0.183131
0.183131
0.183131
0.183131
0.183131
0.183131
0.183131
0.161586
0
0
0
0
0
0
0
0
0
0
0
0
