209
85.3549
0
0
0
0
0
0
0
0
0
0
0
0
0
0
0
0
0
0
0
0
0
0
0
0
0
0
0
0
0
0
0
0
0
-0.00011904
-0.0169037
-0.338844
0.129086
0.0414514
-0.00325379
-0.0585446
-2.97929e-05
0
0
0
-0.151044
0.0976484
-0.0939061
0.0703937
-0.0508841
0.151386
0.0206213
-0.136337
0
0
0
-0.0650259
-0.0396596
0.0549567
0.0237832
0.0155172
0.0228147
0.0543458
-0.020245
0.0704405
-0.0638219
0
0.140988
0.0818161
0.122395
0.0894572
-0.131211
-0.134002
-0.241157
-0.105788
-0.0623246
0
0
-0.0395684
-0.00858943
-0.0146861
-0.128275
0.0677654
-0.0330852
-0.0374019
0.0722698
-0.096271
-0.0564422
0
0.0909659
-0.0349454
0.0403236
-0.00551439
-0.0233286
-0.0501613
0.116876
0.130541
-0.00559866
-0.0513514
0
-0.0182033
-0.00602642
-0.12378
0.053288
0.0662266
0.126514
-0.160651
-0.19845
-0.0219129
-0.0349721
0
0.00515817
0.0503599
0.0367754
-0.123841
0.0763512
-0.0571962
0.154841
-0.0672062
-0.0204834
-0.0172647
0
0.096367
0.0886257
0.0553998
0.149277
0.0172196
-0.142753
-0.1181
0.0562862
-0.0390256
-0.00177074
0
-0.0397013
-0.123679
0.0261817
-0.0541081
0.0356131
0.0657597
0.161471
-0.112886
-0.0257447
0
0
0.130969
-0.0168657
-0.0752777
0.0988452
-0.0297238
-0.0677507
-0.117146
0.0828275
0.176237
0.0543696
0
-0.165292
0.00326928
0.126459
0.00111582
-0.059118
0.0622155
-0.0152556
0.0227279
0
0
0
0.0703363
-0.0421413
-0.112157
-0.0131089
0.0128861
-0.00749751
-0.0179414
0
0
0
0
0.1078
0.0849982
0.0550208
-0.0380444
-0.0455538
-0.0119716
0.015549
0.0162516
0
0
0
-0.00255187
-0.00289212
-0.00289212
-0.00289212
-0.00289212
-0.00289212
-0.00289212
-0.00289212
-0.00289212
-0.00255187
0
0
0
0
0
0
0
0
0
0
0
0
