209
-1049.52
166.595
1175.59
9.09525
49.6734
415.786
-549.162
-591.12
11.1365
-141.13
-705.047
-43.6463
11.3617
-408.861
-497.975
-226.924
70.4383
185.467
351.295
236.223
149.159
39.8267
460
48.1587
42.1443
39.3785
-127.352
547.283
-344.181
-242.528
-872.096
-219.909
-301.821
-183.04
128.036
122.686
1.27935
-201.679
-425.607
-1.51855
-475.105
31.7553
-373.911
152.007
341.759
466.524
90.6574
339.157
-149.35
18.034
-61.4748
184.862
83.3419
-296.893
-5.73525
-200.498
-12.8566
-102.824
-318.547
170.267
46.5484
4.40928
-97.7382
10.7032
202.102
-84.9677
-203.538
56.2794
108.614
-149.47
-24.0551
-263.676
-119.524
247.703
-60.493
-133.683
98.1853
222.244
66.2684
-308.153
-8.21153
140.602
35.9574
-132.53
-279.303
73.924
-159.641
3.72128
60.0685
111.697
16.72
57.2959
14.7307
111.806
-2.49595
42.1192
1.66651
80.6424
-159.357
12.2982
41.343
59.202
34.247
38.1157
133.466
-193.978
-69.9582
41.7136
-102.35
18.3052
-99.2968
97.8088
-168.094
-38.0282
79.1123
-77.9385
-59.4412
-3.66797
34.5456
263.586
-113.145
-3.64097
176.866
-357.133
-3.27637
-191.468
16.813
93.9975
6.68517
32.9828
-109.847
-1.25763
-201.631
-111.187
182.412
-144.877
168.952
255
255
255
255
255
255
255
255
255
255
255
255
255
255
255
255
255
255
255
255
255
255
255
255
255
255
255
255
255
255
255
255
255
255
255
255
255
255
255
255
255
255
255
255
255
255
255
255
255
255
255
255
255
255
255
255
255
255
255
255
255
255
255
255
255
255
255
255
255
255
255
