209
-1014.2
416.244
397.025
-437.935
11.9892
-115.115
-305.591
-462.768
-136.909
-146.899
-673.205
-99.5325
154.827
-330.51
-440.602
-144.509
190.599
253.455
352.805
292.775
221.956
86.3517
407.111
154.054
-30.5964
77.8603
-143.864
509.864
-354.031
-108.815
-802.04
-205.972
-365.655
-90.4394
35.8823
145.635
36.7006
-232.774
-441.834
53.0592
-448.962
109.618
-404.733
239.424
274.404
411.278
68.9279
346.463
-128.814
10.8279
-57.3481
221.683
39.6728
-258.338
24.3135
-185.1
-22.7084
-138.124
-347.976
161.742
31.3468
23.2439
-86.3908
-7.93397
210.769
-45.5368
-190.32
82.9086
81.1532
-148.243
9.29229
-257.364
-111.269
232.514
-38.8817
-77.9696
100.217
224.756
59.233
-285.924
-20.5558
116.045
49.7208
-124.171
-279.183
94.4741
-111.975
32.0221
42.042
109.096
24.0886
56.3482
17.6296
112.039
-2.49595
42.1192
1.66651
80.6424
-159.357
12.2982
41.343
59.202
34.247
38.1157
133.466
-193.978
-69.9582
41.7136
-102.35
18.3052
-99.2968
97.8088
-168.094
-38.0282
79.1123
-77.9385
-59.4412
-3.66797
34.5456
263.586
-113.145
-3.64097
176.866
-357.133
-3.27637
-191.468
16.813
93.9975
6.68517
32.9828
-109.847
-1.25763
-201.631
-111.187
182.412
-144.877
168.952
255
255
255
255
255
255
255
255
255
255
255
255
255
255
255
255
255
255
255
255
255
255
255
255
255
255
255
255
255
255
255
255
255
255
255
255
255
255
255
255
255
255
255
255
255
255
255
255
255
255
255
255
255
255
255
255
255
255
255
255
255
255
255
255
255
255
255
255
255
255
255
