209
-883.634
155.768
1267.3
-88.1322
30.389
255.66
-647.39
-591.619
-123.551
44.7392
-733.235
-35.9277
60.4723
-454.208
-458.455
-78.1425
-13.1591
117.323
292.178
201.939
134.299
110.259
329.226
130.935
-9.15367
68.6787
-145.731
672.644
-233.933
-205.215
-797.612
-97.2478
-327.287
-227.404
41.6412
78.4625
-63.6531
-82.2991
-356.59
65.8188
-427.961
33.6521
-435.156
171.81
300.308
355.559
46.415
364.389
-159.584
37.0141
-114.12
193.983
65.8737
-203.646
15.4941
-174.324
-67.2761
-116.093
-301.748
205.849
19.7708
-31.2464
-82.9209
17.5303
193.202
-43.0492
-190.488
54.7204
92.8326
-132.719
-24.6889
-288.487
-87.6545
218.615
-82.5751
-110.963
74.71
205.141
80.5747
-312.914
-7.45445
108.742
83.6637
-131.506
-281.653
69.5975
-117.234
9.32064
30.2165
118.747
13.6211
62.448
14.949
106.659
-2.49595
42.1192
1.66651
80.6424
-159.357
12.2982
41.343
59.202
34.247
38.1157
133.466
-193.978
-69.9582
41.7136
-102.35
18.3052
-99.2968
97.8088
-168.094
-38.0282
79.1123
-77.9385
-59.4412
-3.66797
34.5456
263.586
-113.145
-3.64097
176.866
-357.133
-3.27637
-191.468
16.813
93.9975
6.68517
32.9828
-109.847
-1.25763
-201.631
-111.187
182.412
-144.877
168.952
255
255
255
255
255
255
255
255
255
255
255
255
255
255
255
255
255
255
255
255
255
255
255
255
255
255
255
255
255
255
255
255
255
255
255
255
255
255
255
255
255
255
255
255
255
255
255
255
255
255
255
255
255
255
255
255
255
255
255
255
255
255
255
255
255
255
255
255
255
255
255
