209
-561.055
148.961
1287.42
-211.196
-102.53
207.862
-593.075
-604.201
-14.5163
-134.528
-643.265
33.2684
157.599
-261.526
-557.158
-109.219
75.1021
144.912
343.398
448.854
251.022
69.8501
408.238
80.3822
58.1997
79.4992
-126.584
468.475
-414.781
-295.884
-827.388
-287.784
-253.45
-126.08
134.469
178.884
183.253
-220.001
-389.926
46.6256
-469.284
51.3346
-360.493
71.6557
361.081
337.171
33.3552
360.517
-120.1
70.5493
-102.929
121.9
-29.5219
-280.021
-17.118
-148.614
-85.4172
-88.8583
-261.568
189.925
30.5869
35.3219
-100.857
-9.64898
231.256
-46.6572
-164.842
12.1057
62.6263
-145.48
4.59546
-265.877
-98.1371
214.259
-81.9741
-129.682
94.8593
204.566
47.325
-317.865
-35.6071
128.564
63.1257
-134.068
-284.514
78.1719
-138.731
30.3938
32.4517
111.394
20.1216
52.1132
24.3173
107.172
-2.49595
42.1192
1.66651
80.6424
-159.357
12.2982
41.343
59.202
34.247
38.1157
133.466
-193.978
-69.9582
41.7136
-102.35
18.3052
-99.2968
97.8088
-168.094
-38.0282
79.1123
-77.9385
-59.4412
-3.66797
34.5456
263.586
-113.145
-3.64097
176.866
-357.133
-3.27637
-191.468
16.813
93.9975
6.68517
32.9828
-109.847
-1.25763
-201.631
-111.187
182.412
-144.877
168.952
255
255
255
255
255
255
255
255
255
255
255
255
255
255
255
255
255
255
255
255
255
255
255
255
255
255
255
255
255
255
255
255
255
255
255
255
255
255
255
255
255
255
255
255
255
255
255
255
255
255
255
255
255
255
255
255
255
255
255
255
255
255
255
255
255
255
255
255
255
255
255
