209
-1012.99
366.997
779.934
-110.491
-354.23
325.952
-383.008
-310.241
158.895
-229.555
-659.658
-47.009
-264.929
-380.683
-627.286
-159.585
94.0134
421.784
295.889
221.784
162.924
-3.40652
241.136
205.311
-16.4603
94.4336
-47.7527
519.011
-307.974
-223.962
-847.009
-283.818
-274.339
-268.972
117.409
183.067
-137.514
-150.477
-333.764
43.2293
-470.587
78.9883
-277.477
154.72
228.258
387.465
47.9383
326.597
-130.289
83.4609
-96.5322
131.934
100.863
-273.192
-3.18524
-297.412
36.9656
-149.653
-305.061
139.232
17.2298
44.7081
-93.0945
-40.9409
169.026
-48.5647
-191.201
39.7405
90.1526
-134.237
3.33277
-230.507
-107.87
243.882
-75.3093
-115.586
85.8523
224.585
40.1764
-308.713
-33.3749
109.102
60.4173
-136.328
-278.571
69.6758
-136.619
19.1469
30.1987
113.996
21.2455
57.1685
21.1839
105.592
-2.49595
42.1192
1.66651
80.6424
-159.357
12.2982
41.343
59.202
34.247
38.1157
133.466
-193.978
-69.9582
41.7136
-102.35
18.3052
-99.2968
97.8088
-168.094
-38.0282
79.1123
-77.9385
-59.4412
-3.66797
34.5456
263.586
-113.145
-3.64097
176.866
-357.133
-3.27637
-191.468
16.813
93.9975
6.68517
32.9828
-109.847
-1.25763
-201.631
-111.187
182.412
-144.877
168.952
255
255
255
255
255
255
255
255
255
255
255
255
255
255
255
255
255
255
255
255
255
255
255
255
255
255
255
255
255
255
255
255
255
255
255
255
255
255
255
255
255
255
255
255
255
255
255
255
255
255
255
255
255
255
255
255
255
255
255
255
255
255
255
255
255
255
255
255
255
255
255
