209
-762.131
39.8449
465.493
175.154
-52.6689
79.3172
-260.036
-758.274
40.3309
-352.685
-843.383
210.678
84.0483
-268.559
-568.614
-184.534
53.0257
374.626
397.902
-48.2269
262.803
-27.937
504.696
116.063
-89.1827
-91.4985
-201.536
547.431
-361.827
-239.293
-800.678
-68.7088
-287.439
-108.373
261.347
186.099
68.0029
-155.169
-312.164
13.1502
-450.187
5.29823
-499.189
108.444
264.932
296.856
82.7354
246.747
-116.936
-12.1054
-85.3127
208.593
81.1033
-300.071
14.0407
-199.84
-6.00574
-97.3376
-341.19
202.108
9.97035
-2.99812
-110.417
-24.9634
208.052
-95.1062
-202.981
56.0227
94.8028
-169.367
-7.21509
-260.038
-97.4091
240.321
-80.9508
-146.356
89.0135
202.158
33.4071
-291.552
-7.70394
126.246
58.8971
-131.446
-282.32
68.7483
-130.226
27.0619
30.2314
113.451
18.4288
56.6183
16.6933
107.358
-2.49595
42.1192
1.66651
80.6424
-159.357
12.2982
41.343
59.202
34.247
38.1157
133.466
-193.978
-69.9582
41.7136
-102.35
18.3052
-99.2968
97.8088
-168.094
-38.0282
79.1123
-77.9385
-59.4412
-3.66797
34.5456
263.586
-113.145
-3.64097
176.866
-357.133
-3.27637
-191.468
16.813
93.9975
6.68517
32.9828
-109.847
-1.25763
-201.631
-111.187
182.412
-144.877
168.952
255
255
255
255
255
255
255
255
255
255
255
255
255
255
255
255
255
255
255
255
255
255
255
255
255
255
255
255
255
255
255
255
255
255
255
255
255
255
255
255
255
255
255
255
255
255
255
255
255
255
255
255
255
255
255
255
255
255
255
255
255
255
255
255
255
255
255
255
255
255
255
