209
-627.881
79.1399
619.607
-391.046
-340.483
436.276
-692.109
-336.416
292.469
-236.832
-717.628
170.21
114.666
-156.677
-359.239
-127.595
-90.9168
24.0646
353.704
456.147
232.438
102.43
543.131
57.4984
97.9674
-47.051
-177.037
624.989
-342.566
-275.872
-711.103
-177.75
-223.89
-170.864
96.1193
225.396
78.1713
-191.919
-331.52
-8.23989
-578.304
9.66314
-337.04
267.686
251.877
442.657
29.6848
308.761
-111.759
14.9419
-157.504
137.475
36.2162
-232.823
-18.5065
-160.29
16.1113
-117.773
-296.266
206.589
13.6914
-2.13194
-95.0519
-8.95247
179.831
-85.2894
-209.829
85.6387
129.046
-131.532
-34.5424
-271.768
-126.143
249.44
-87.5538
-104.738
93.363
202.621
41.722
-272.754
-23.6022
114.037
49.3522
-142.51
-274.185
76.3938
-131.346
12.5788
28.6195
115.23
25.0321
57.855
16.4987
107.482
-2.49595
42.1192
1.66651
80.6424
-159.357
12.2982
41.343
59.202
34.247
38.1157
133.466
-193.978
-69.9582
41.7136
-102.35
18.3052
-99.2968
97.8088
-168.094
-38.0282
79.1123
-77.9385
-59.4412
-3.66797
34.5456
263.586
-113.145
-3.64097
176.866
-357.133
-3.27637
-191.468
16.813
93.9975
6.68517
32.9828
-109.847
-1.25763
-201.631
-111.187
182.412
-144.877
168.952
255
255
255
255
255
255
255
255
255
255
255
255
255
255
255
255
255
255
255
255
255
255
255
255
255
255
255
255
255
255
255
255
255
255
255
255
255
255
255
255
255
255
255
255
255
255
255
255
255
255
255
255
255
255
255
255
255
255
255
255
255
255
255
255
255
255
255
255
255
255
255
