209
-686.147
275.591
771.213
-102.976
562.539
288.846
-646.181
-455.877
70.5604
-70.473
-614.501
-71.4326
5.51692
-266.84
-495.455
-187.844
244.147
172.485
439.518
213.465
343.758
125.424
437.57
-13.8017
33.7511
-40.4283
-178.914
576.662
-376.411
-180.559
-779.823
-162.625
-310.694
-232.288
-12.6584
64.7105
-9.17423
-203.62
-295.41
120.365
-497.896
50.225
-378.645
62.8768
250.773
488.851
15.4996
304.11
-188.729
61.6113
-95.6175
152.396
35.4652
-203.833
-20.8665
-160.281
65.3863
-90.3236
-291.364
159.514
65.2926
38.9129
-161.085
-67.6704
178.617
-92.8272
-157.359
45.8116
92.3705
-144.462
-25.0749
-281.929
-74.5895
248.681
-85.731
-137.517
102.921
238.967
58.7771
-292.103
-9.46922
128.285
52.3062
-122.585
-262.53
67.3078
-125.299
30.1132
35.2504
116.257
18.86
55.1405
18.4515
107.348
-2.49595
42.1192
1.66651
80.6424
-159.357
12.2982
41.343
59.202
34.247
38.1157
133.466
-193.978
-69.9582
41.7136
-102.35
18.3052
-99.2968
97.8088
-168.094
-38.0282
79.1123
-77.9385
-59.4412
-3.66797
34.5456
263.586
-113.145
-3.64097
176.866
-357.133
-3.27637
-191.468
16.813
93.9975
6.68517
32.9828
-109.847
-1.25763
-201.631
-111.187
182.412
-144.877
168.952
255
255
255
255
255
255
255
255
255
255
255
255
255
255
255
255
255
255
255
255
255
255
255
255
255
255
255
255
255
255
255
255
255
255
255
255
255
255
255
255
255
255
255
255
255
255
255
255
255
255
255
255
255
255
255
255
255
255
255
255
255
255
255
255
255
255
255
255
255
255
255
