209
103.823
449.995
803.325
-65.8544
-4.37976
318.138
-631.794
-755.142
187.702
-54.4702
-656.323
-163.407
-81.6007
-272.295
-633.772
-73.9143
201.69
152.47
167.533
147.803
142.08
48.018
417.998
-72.051
124.25
62.1053
-112.088
590.13
-279.099
-221.625
-789.08
-210.878
-218.812
-256.741
150.377
187.386
46.8963
-114.033
-353.717
15.7873
-464.07
48.6817
-406.932
186.499
276.574
444.365
125.514
340.394
-119.912
-23.4055
-67.3234
192.454
59.1489
-292.713
-32.2559
-163.354
15.4483
-113.007
-293.941
143.755
-11.1579
49.4383
-98.4659
11.806
186.635
-56.816
-188.876
58.2308
68.8806
-149.564
-5.25184
-255.196
-61.9115
209.041
-84.5797
-132.259
74.8444
193.839
74.9876
-271.024
-21.2825
114.681
46.1839
-115.889
-279.551
72.6018
-133.651
23.1554
36.5324
102.729
29.2462
68.9467
21.5213
108.01
-2.49595
42.1192
1.66651
80.6424
-159.357
12.2982
41.343
59.202
34.247
38.1157
133.466
-193.978
-69.9582
41.7136
-102.35
18.3052
-99.2968
97.8088
-168.094
-38.0282
79.1123
-77.9385
-59.4412
-3.66797
34.5456
263.586
-113.145
-3.64097
176.866
-357.133
-3.27637
-191.468
16.813
93.9975
6.68517
32.9828
-109.847
-1.25763
-201.631
-111.187
182.412
-144.877
168.952
255
255
255
255
255
255
255
255
255
255
255
255
255
255
255
255
255
255
255
255
255
255
255
255
255
255
255
255
255
255
255
255
255
255
255
255
255
255
255
255
255
255
255
255
255
255
255
255
255
255
255
255
255
255
255
255
255
255
255
255
255
255
255
255
255
255
255
255
255
255
255
