209
3.80399
372.576
777.192
-137.183
3.47775
242.892
-497.275
-874.938
222.197
-98.2989
-639.561
-98.8163
67.8284
-255.906
-423.613
-117.334
146.321
175.8
199.834
252.711
131.088
109.187
520.215
189.431
18.7382
58.5995
-116.742
603.692
-305.143
-147.946
-779.077
-153.661
-218.907
-115.419
41.9047
103.669
-15.4213
-227.071
-451.545
21.6808
-443.707
54.2419
-364.88
134.217
276.126
416.83
71.0346
281.433
-140.631
60.4431
-100.777
125.926
70.1073
-318.709
6.64942
-266.742
-47.8983
-162.435
-321.538
172.644
45.4177
-15.2109
-145.358
15.3589
177.071
-106.733
-171.093
105.702
126.265
-116.67
-30.4606
-247.179
-71.6904
208.617
-84.5159
-150.652
116.684
207.997
56.9751
-302.12
-38.4459
123.287
61.0437
-154.773
-282.767
79.2467
-130.255
33.6094
39.9031
127.557
21.1872
61.102
19.238
110.379
-2.49595
42.1192
1.66651
80.6424
-159.357
12.2982
41.343
59.202
34.247
38.1157
133.466
-193.978
-69.9582
41.7136
-102.35
18.3052
-99.2968
97.8088
-168.094
-38.0282
79.1123
-77.9385
-59.4412
-3.66797
34.5456
263.586
-113.145
-3.64097
176.866
-357.133
-3.27637
-191.468
16.813
93.9975
6.68517
32.9828
-109.847
-1.25763
-201.631
-111.187
182.412
-144.877
168.952
255
255
255
255
255
255
255
255
255
255
255
255
255
255
255
255
255
255
255
255
255
255
255
255
255
255
255
255
255
255
255
255
255
255
255
255
255
255
255
255
255
255
255
255
255
255
255
255
255
255
255
255
255
255
255
255
255
255
255
255
255
255
255
255
255
255
255
255
255
255
255
