209
-880.014
-303.071
858.576
204.526
77.2361
126.45
-261.379
-629.352
-109.987
3.59721
-382.873
116.666
-104.18
-314.981
-777.272
-229.155
32.3763
316.151
282.515
301.037
180.931
40.3441
523.533
-84.4486
153.414
9.02683
-137.379
562.354
-318.745
-139.824
-886.629
-311.501
-202.733
-212.35
94.7184
105.16
-23.8294
-156.083
-447.42
-78.2226
-557.035
-22.1801
-390.824
141.129
372.538
422.374
178.646
294.714
-118.127
41.6738
-138.699
161.324
38.1984
-277.429
-42.6623
-240.923
-78.037
-103.513
-324.011
204.033
53.9077
6.35676
-120.089
-23.2105
187.703
-26.4115
-195.887
94.0257
95.7771
-119.092
-19.3898
-302.319
-90.5053
270.065
-88.8265
-107.928
95.477
222.8
53.1881
-278.648
-19.8845
99.2689
59.0021
-121.498
-276.713
70.3649
-128.203
30.1076
35.7233
117.301
20.9023
56.6769
19.4777
108.443
-2.49595
42.1192
1.66651
80.6424
-159.357
12.2982
41.343
59.202
34.247
38.1157
133.466
-193.978
-69.9582
41.7136
-102.35
18.3052
-99.2968
97.8088
-168.094
-38.0282
79.1123
-77.9385
-59.4412
-3.66797
34.5456
263.586
-113.145
-3.64097
176.866
-357.133
-3.27637
-191.468
16.813
93.9975
6.68517
32.9828
-109.847
-1.25763
-201.631
-111.187
182.412
-144.877
168.952
255
255
255
255
255
255
255
255
255
255
255
255
255
255
255
255
255
255
255
255
255
255
255
255
255
255
255
255
255
255
255
255
255
255
255
255
255
255
255
255
255
255
255
255
255
255
255
255
255
255
255
255
255
255
255
255
255
255
255
255
255
255
255
255
255
255
255
255
255
255
255
