209
-640.636
250.127
767.97
-104.771
590.912
212.44
-684.737
-449.123
118.688
-149.087
-513.743
22.1509
-94.5938
-271.857
-372.849
-226.777
111.994
142.693
304.187
227.3
244.417
-5.77157
414.84
73.3889
-4.5319
146.258
-91.9636
561.646
-304.461
-287.985
-834.348
-213.509
-292.406
-119.375
36.6471
148.719
5.01402
-213.744
-431.663
52.5081
-481.354
99.6257
-377.137
220.003
274.525
444.965
117.181
258.23
-116.049
4.95422
-151.663
272.125
2.47902
-260.994
26.8724
-217.058
6.07985
-158.064
-329.375
197.296
17.7091
-0.712597
-88.6733
21.5534
173.878
-15.934
-227.53
31.908
43.9325
-85.8365
-13.9405
-275.593
-86.4787
266.411
-74
-145.265
90.4232
177.821
30.1745
-304.04
-17.5393
142.058
51.0318
-127.612
-289.766
78.8388
-136.293
26.0329
34.5351
121.313
23.2116
58.4782
17.2545
104.459
-2.49595
42.1192
1.66651
80.6424
-159.357
12.2982
41.343
59.202
34.247
38.1157
133.466
-193.978
-69.9582
41.7136
-102.35
18.3052
-99.2968
97.8088
-168.094
-38.0282
79.1123
-77.9385
-59.4412
-3.66797
34.5456
263.586
-113.145
-3.64097
176.866
-357.133
-3.27637
-191.468
16.813
93.9975
6.68517
32.9828
-109.847
-1.25763
-201.631
-111.187
182.412
-144.877
168.952
255
255
255
255
255
255
255
255
255
255
255
255
255
255
255
255
255
255
255
255
255
255
255
255
255
255
255
255
255
255
255
255
255
255
255
255
255
255
255
255
255
255
255
255
255
255
255
255
255
255
255
255
255
255
255
255
255
255
255
255
255
255
255
255
255
255
255
255
255
255
255
