209
110.561
154.718
947.943
-246.621
-158.466
604.827
-288.912
-663.59
112.186
147.227
-583.236
-158.226
32.4734
-354.404
-356.943
-119.464
183.2
162.969
344.924
81.1558
200.01
156.364
504.534
77.5314
-59.0282
74.7583
-60.3007
517.745
-413.133
-115.209
-884.938
-166.703
-235.105
-168.694
19.9317
135.715
81.4089
-205.63
-470.655
-25.0108
-422.289
4.54843
-319.413
160.837
323.55
401.73
80.4248
299.637
-169.909
-50.9902
-128.968
142.229
105.995
-214.137
-46.2465
-227.07
-13.6258
-109.603
-379.314
157.626
22.9929
-49.1324
-111.274
-29.9815
190.611
-33.295
-178.176
73.426
81.0369
-124.809
21.4413
-271.129
-112.115
232.357
-95.8757
-123.287
95.9067
199.161
35.1137
-306.714
-4.53111
124.86
50.2568
-129.886
-256.519
85.1114
-132.899
18.8233
29.5584
104.1
16.3501
53.6081
18.3653
105.003
-2.49595
42.1192
1.66651
80.6424
-159.357
12.2982
41.343
59.202
34.247
38.1157
133.466
-193.978
-69.9582
41.7136
-102.35
18.3052
-99.2968
97.8088
-168.094
-38.0282
79.1123
-77.9385
-59.4412
-3.66797
34.5456
263.586
-113.145
-3.64097
176.866
-357.133
-3.27637
-191.468
16.813
93.9975
6.68517
32.9828
-109.847
-1.25763
-201.631
-111.187
182.412
-144.877
168.952
255
255
255
255
255
255
255
255
255
255
255
255
255
255
255
255
255
255
255
255
255
255
255
255
255
255
255
255
255
255
255
255
255
255
255
255
255
255
255
255
255
255
255
255
255
255
255
255
255
255
255
255
255
255
255
255
255
255
255
255
255
255
255
255
255
255
255
255
255
255
255
