209
-523.729
612.431
578.687
296.209
2.79457
590.011
-808.233
-733.387
-230.272
-59.4214
-493.224
0.345064
264.136
-363.405
-520.801
-150.56
70.0037
282.907
370.971
228.178
154.233
101.903
328.792
52.9166
-19.0809
8.88124
-69.48
517.705
-330.981
-174.219
-793.163
-226.014
-161.176
-186.978
228.826
155.771
-18.2551
-219.075
-347.861
-10.7186
-557.569
40.2439
-378.687
187.15
256.11
358.025
73.6296
290.553
-112.318
9.56316
-75.6482
187.516
67.6208
-286.785
-33.0944
-146.359
24.1527
-171.726
-314.056
177.484
-4.82404
-10.1312
-96.5862
9.22355
228.153
-37.2527
-182.595
74.405
76.2179
-119.319
2.88743
-286.515
-118.9
203.592
-83.0055
-97.7109
122.051
237.247
63.4271
-296.511
-16.4648
130.478
44.652
-124.897
-267.882
73.7677
-130.325
24.3368
43.3775
128.395
20.5211
56.8411
20.8058
102.016
-2.49595
42.1192
1.66651
80.6424
-159.357
12.2982
41.343
59.202
34.247
38.1157
133.466
-193.978
-69.9582
41.7136
-102.35
18.3052
-99.2968
97.8088
-168.094
-38.0282
79.1123
-77.9385
-59.4412
-3.66797
34.5456
263.586
-113.145
-3.64097
176.866
-357.133
-3.27637
-191.468
16.813
93.9975
6.68517
32.9828
-109.847
-1.25763
-201.631
-111.187
182.412
-144.877
168.952
255
255
255
255
255
255
255
255
255
255
255
255
255
255
255
255
255
255
255
255
255
255
255
255
255
255
255
255
255
255
255
255
255
255
255
255
255
255
255
255
255
255
255
255
255
255
255
255
255
255
255
255
255
255
255
255
255
255
255
255
255
255
255
255
255
255
255
255
255
255
255
