209
-750.92
429.905
533.043
-66.8163
282.916
60.7063
-267.253
-644.873
-76.7347
-113.401
-934.555
-30.625
214.244
-547.157
-474.624
-128.198
184.086
190.726
443.352
355.037
177.865
96.4883
334.34
203.05
-149.718
79.3154
46.1024
498.11
-287.759
-268.502
-731.726
-231.825
-219.624
-254.183
64.5703
116.757
10.9824
-113.315
-450.809
4.86798
-629.357
-18.3943
-292.741
116.066
321.593
456.661
60.7615
378.463
-109.252
-90.0182
-42.6547
175.976
81.7975
-281.428
-17.6099
-165.038
-9.63224
-92.5442
-300.771
195.171
-4.10169
0.877949
-155.677
46.1632
148.475
-57.567
-185.175
46.6151
119
-148.04
-23.0513
-275.443
-91.9752
239.737
-73.0919
-130.389
84.5839
183.534
36.4056
-292.536
-15.1699
99.2504
57.4605
-125.564
-271.705
71.752
-138.745
28.9583
36.4546
118.837
20.2683
55.4312
20.5972
107.609
-2.49595
42.1192
1.66651
80.6424
-159.357
12.2982
41.343
59.202
34.247
38.1157
133.466
-193.978
-69.9582
41.7136
-102.35
18.3052
-99.2968
97.8088
-168.094
-38.0282
79.1123
-77.9385
-59.4412
-3.66797
34.5456
263.586
-113.145
-3.64097
176.866
-357.133
-3.27637
-191.468
16.813
93.9975
6.68517
32.9828
-109.847
-1.25763
-201.631
-111.187
182.412
-144.877
168.952
255
255
255
255
255
255
255
255
255
255
255
255
255
255
255
255
255
255
255
255
255
255
255
255
255
255
255
255
255
255
255
255
255
255
255
255
255
255
255
255
255
255
255
255
255
255
255
255
255
255
255
255
255
255
255
255
255
255
255
255
255
255
255
255
255
255
255
255
255
255
255
