209
-535.392
333.214
683.442
245.471
-7.27456
599.015
-415.623
-229.954
160.059
-88.8011
-726.77
-248.611
58.2884
-322.427
-854.477
-173.009
239.248
150.527
443.803
270.006
1.39202
70.7209
471.843
184.461
-32.5578
-91.206
-53.7847
576.282
-246.691
-224.184
-767.909
-187.543
-326.306
-156.076
104.548
107.895
84.8272
-133.294
-289.726
-11.0963
-398.353
71.5002
-282.771
213.436
358.251
491.902
15.8113
272.692
-150.002
29.4969
-187.301
191.064
26.1836
-360.134
-25.7671
-169.516
-43.446
-131.24
-358.862
196.829
4.75504
30.893
-76.4145
31.6201
215.921
-21.9917
-151.399
52.7619
112.704
-136.059
-33.0896
-255.256
-87.3635
235.303
-80.1152
-135.462
81.4918
230.362
41.5822
-282.998
-7.22517
130.2
62.7784
-123.089
-275.858
82.1128
-128.506
27.5528
33.4609
117.102
16.1339
55.789
16.3118
108.293
-2.49595
42.1192
1.66651
80.6424
-159.357
12.2982
41.343
59.202
34.247
38.1157
133.466
-193.978
-69.9582
41.7136
-102.35
18.3052
-99.2968
97.8088
-168.094
-38.0282
79.1123
-77.9385
-59.4412
-3.66797
34.5456
263.586
-113.145
-3.64097
176.866
-357.133
-3.27637
-191.468
16.813
93.9975
6.68517
32.9828
-109.847
-1.25763
-201.631
-111.187
182.412
-144.877
168.952
255
255
255
255
255
255
255
255
255
255
255
255
255
255
255
255
255
255
255
255
255
255
255
255
255
255
255
255
255
255
255
255
255
255
255
255
255
255
255
255
255
255
255
255
255
255
255
255
255
255
255
255
255
255
255
255
255
255
255
255
255
255
255
255
255
255
255
255
255
255
255
