209
-205.166
109.47
868.464
-262.904
94.4088
520.095
-393.29
-654.429
430.324
-34.8047
-512.988
28.7906
110.799
-389.037
-575.114
-212.053
-38.8741
277.735
571.428
256.181
12.4552
87.1129
436.1
62.1333
-13.8153
55.6484
-33.936
508.575
-426.774
-231.008
-843.346
-149.112
-332.438
-209.719
46.5299
116.692
35.2427
-233.135
-448.995
49.018
-352.827
-19.166
-359.314
189.58
326.438
320.724
83.6398
395.368
-156.422
51.5641
-82.6807
155.009
45.7607
-253.065
-40.6715
-139.426
20.0792
-109.854
-347.74
145.026
31.6364
7.17807
-113.219
-36.4481
160.6
-58.5856
-243.799
35.3893
108.614
-142.109
-31.2605
-257.112
-135.237
231.937
-79.0669
-121.051
77.7009
220.704
51.6756
-282.359
-3.89211
112.583
63.4795
-116.669
-296.885
73.1467
-136.089
36.8096
40.9902
125.655
25.2347
62.0626
18.4905
106.803
-2.49595
42.1192
1.66651
80.6424
-159.357
12.2982
41.343
59.202
34.247
38.1157
133.466
-193.978
-69.9582
41.7136
-102.35
18.3052
-99.2968
97.8088
-168.094
-38.0282
79.1123
-77.9385
-59.4412
-3.66797
34.5456
263.586
-113.145
-3.64097
176.866
-357.133
-3.27637
-191.468
16.813
93.9975
6.68517
32.9828
-109.847
-1.25763
-201.631
-111.187
182.412
-144.877
168.952
255
255
255
255
255
255
255
255
255
255
255
255
255
255
255
255
255
255
255
255
255
255
255
255
255
255
255
255
255
255
255
255
255
255
255
255
255
255
255
255
255
255
255
255
255
255
255
255
255
255
255
255
255
255
255
255
255
255
255
255
255
255
255
255
255
255
255
255
255
255
255
