209
-574.739
604.242
458.402
159.35
89.2736
528.642
-723.661
-795.617
-108.792
47.5508
-153.238
-113.151
22.0585
-387.686
-537.753
-259.391
40.4021
282.293
461.304
336.451
53.579
161.956
330.814
38.6239
-24.5936
9.01075
-86.9231
446.354
-365.516
-245.004
-803.072
-2.39098
-283.588
-149.372
136.944
163.856
65.3548
-286.145
-355.819
-22.1883
-505.799
170.709
-408.869
180.928
336.034
476.611
76.6894
321.27
-100.83
14.8197
-86.441
203.01
101.82
-164.527
29.8617
-217.79
-72.841
-79.9843
-296.018
164.882
20.2669
1.14375
-103.518
1.95792
206.127
-77.0244
-187.236
55.4216
120.852
-118.103
-24.7694
-239.773
-100.371
240.357
-61.4203
-128.843
72.4963
214.073
31.0518
-292.969
-31.2672
116.526
60.3564
-129.201
-275.171
58.2582
-135.21
24.7073
29.1225
111.785
20.6575
58.6041
19.7937
109.951
-2.49595
42.1192
1.66651
80.6424
-159.357
12.2982
41.343
59.202
34.247
38.1157
133.466
-193.978
-69.9582
41.7136
-102.35
18.3052
-99.2968
97.8088
-168.094
-38.0282
79.1123
-77.9385
-59.4412
-3.66797
34.5456
263.586
-113.145
-3.64097
176.866
-357.133
-3.27637
-191.468
16.813
93.9975
6.68517
32.9828
-109.847
-1.25763
-201.631
-111.187
182.412
-144.877
168.952
255
255
255
255
255
255
255
255
255
255
255
255
255
255
255
255
255
255
255
255
255
255
255
255
255
255
255
255
255
255
255
255
255
255
255
255
255
255
255
255
255
255
255
255
255
255
255
255
255
255
255
255
255
255
255
255
255
255
255
255
255
255
255
255
255
255
255
255
255
255
255
