209
-699.313
170.353
878.241
219.209
88.7732
588.592
-309.607
-339.295
217.456
-97.8368
-415.886
9.92289
384.686
-207.749
-536.062
-212.619
-10.0728
-33.8053
484.989
199.681
89.9427
-126.201
593.711
202.149
-65.0986
54.1994
-235.711
640.135
-294.095
-108.116
-884.448
-157.293
-253.108
-157.808
14.3788
204.464
-109.024
-180.571
-399.458
16.9166
-459.069
131.68
-272.814
89.0139
233.538
434.73
170.298
274.881
-45.726
39.82
4.85189
151.05
42.7944
-248.498
-39.623
-205.491
-8.37434
-49.377
-274.233
199.332
8.19989
5.60708
-77.0195
20.8755
183.966
-62.1609
-202.401
52.4047
84.842
-157.193
11.1554
-264.502
-86.0155
217.355
-67.9847
-109.152
92.7834
200.036
53.5754
-289.79
-20.5497
124.008
59.9095
-123.544
-273.481
73.5734
-134.208
27.9349
34.3142
115.805
19.1417
56.9009
18.561
107.668
-2.49595
42.1192
1.66651
80.6424
-159.357
12.2982
41.343
59.202
34.247
38.1157
133.466
-193.978
-69.9582
41.7136
-102.35
18.3052
-99.2968
97.8088
-168.094
-38.0282
79.1123
-77.9385
-59.4412
-3.66797
34.5456
263.586
-113.145
-3.64097
176.866
-357.133
-3.27637
-191.468
16.813
93.9975
6.68517
32.9828
-109.847
-1.25763
-201.631
-111.187
182.412
-144.877
168.952
255
255
255
255
255
255
255
255
255
255
255
255
255
255
255
255
255
255
255
255
255
255
255
255
255
255
255
255
255
255
255
255
255
255
255
255
255
255
255
255
255
255
255
255
255
255
255
255
255
255
255
255
255
255
255
255
255
255
255
255
255
255
255
255
255
255
255
255
255
255
255
