209
-109.994
213.288
782.077
222.434
90.192
396.994
-167.892
-287.911
-7.84271
-158.267
-488.906
99.8188
253.917
-308.378
-289.147
-60.9932
134.473
190.49
479.81
251.307
222.395
0.590447
199.478
-64.8324
336.247
114.423
-188.125
534.078
-259.889
-230.581
-869.382
-116.018
-221.622
-257.94
32.1388
89.425
41.0973
-163.002
-364.618
90.2068
-485.821
3.81749
-306.261
189.256
300.777
412.267
126.771
390.612
-110.508
-6.63986
-116.326
202.335
93.4264
-323.803
17.5247
-213.356
-55.9767
-162.349
-332.654
123.986
3.16718
4.14743
-97.9826
12.6804
235.613
-104.779
-193.841
29.8687
89.9244
-179.14
-7.36499
-265.423
-115.556
256.752
-71.581
-130.213
94.5815
210.591
45.9893
-288.598
-19.6656
129.829
61.2782
-139.095
-266.464
73.2434
-127.469
28.4287
31.8211
118.954
17.147
59.6234
18.4913
108.25
-2.49595
42.1192
1.66651
80.6424
-159.357
12.2982
41.343
59.202
34.247
38.1157
133.466
-193.978
-69.9582
41.7136
-102.35
18.3052
-99.2968
97.8088
-168.094
-38.0282
79.1123
-77.9385
-59.4412
-3.66797
34.5456
263.586
-113.145
-3.64097
176.866
-357.133
-3.27637
-191.468
16.813
93.9975
6.68517
32.9828
-109.847
-1.25763
-201.631
-111.187
182.412
-144.877
168.952
255
255
255
255
255
255
255
255
255
255
255
255
255
255
255
255
255
255
255
255
255
255
255
255
255
255
255
255
255
255
255
255
255
255
255
255
255
255
255
255
255
255
255
255
255
255
255
255
255
255
255
255
255
255
255
255
255
255
255
255
255
255
255
255
255
255
255
255
255
255
255
