209
-273.986
-106.028
1048.09
-152.791
-127.828
85.161
-811.245
-449.764
-7.13892
-198.466
-442.995
216.386
125.211
-175.433
-469.115
-261.254
180.955
257.366
343.457
240.829
137.303
1.79194
370.335
245.221
97.9499
178.647
15.344
596.266
-383.601
-247.314
-670.223
-215.268
-364.866
-225.95
163.294
104.232
10.4747
-137.977
-423.898
24.2998
-458.517
85.3305
-288.607
145.908
347.347
371.724
73.8655
290.978
-175.619
-4.46932
-105.02
217.517
83.5309
-246.092
-29.8575
-207.831
-50.3562
-70.5585
-350.239
160.193
20.4954
13.8162
-89.2951
18.7509
191.154
-78.6316
-225.364
38.7599
143.404
-119.601
27.7977
-255.586
-72.4454
225.552
-76.4901
-142.726
101.581
218.951
77.4458
-278.182
-15.2225
122.194
34.9571
-121.331
-268.938
62.3314
-124.822
26.7048
32.1326
117.599
24.2473
49.5228
14.2464
107.022
-2.49595
42.1192
1.66651
80.6424
-159.357
12.2982
41.343
59.202
34.247
38.1157
133.466
-193.978
-69.9582
41.7136
-102.35
18.3052
-99.2968
97.8088
-168.094
-38.0282
79.1123
-77.9385
-59.4412
-3.66797
34.5456
263.586
-113.145
-3.64097
176.866
-357.133
-3.27637
-191.468
16.813
93.9975
6.68517
32.9828
-109.847
-1.25763
-201.631
-111.187
182.412
-144.877
168.952
255
255
255
255
255
255
255
255
255
255
255
255
255
255
255
255
255
255
255
255
255
255
255
255
255
255
255
255
255
255
255
255
255
255
255
255
255
255
255
255
255
255
255
255
255
255
255
255
255
255
255
255
255
255
255
255
255
255
255
255
255
255
255
255
255
255
255
255
255
255
255
