209
-1047.74
173.596
1101.84
178.168
-123.683
154.828
-596.736
-378.647
300.681
365.584
-668.415
37.0156
146.018
-80.9377
-305.882
19.4016
142.134
245.819
276.38
203.62
100.959
-89.3851
399.364
52.7896
24.9464
-146.775
165.156
364.604
-210.146
-347.551
-897.241
-164.83
-225.323
-144.179
27.1945
121.993
-6.35071
-184.434
-336.812
22.9868
-435.67
22.079
-417.428
77.1839
338.767
461.128
66.701
365.278
-109.331
2.00586
-80.1748
203.295
22.9297
-243.896
42.3801
-218.628
15.8723
-135.148
-309.414
186.755
7.88336
-11.7443
-110.165
-8.17432
217.288
-64.8537
-221.343
75.5353
107.393
-120.198
14.4518
-271.033
-84.662
215.714
-78.4761
-109.97
102.451
223.042
45.4582
-272.049
-7.7027
121.067
58.8585
-136.988
-279.512
74.9115
-137.99
29.002
33.2888
114.572
21.7112
56.1933
18.5593
108.408
-2.49595
42.1192
1.66651
80.6424
-159.357
12.2982
41.343
59.202
34.247
38.1157
133.466
-193.978
-69.9582
41.7136
-102.35
18.3052
-99.2968
97.8088
-168.094
-38.0282
79.1123
-77.9385
-59.4412
-3.66797
34.5456
263.586
-113.145
-3.64097
176.866
-357.133
-3.27637
-191.468
16.813
93.9975
6.68517
32.9828
-109.847
-1.25763
-201.631
-111.187
182.412
-144.877
168.952
255
255
255
255
255
255
255
255
255
255
255
255
255
255
255
255
255
255
255
255
255
255
255
255
255
255
255
255
255
255
255
255
255
255
255
255
255
255
255
255
255
255
255
255
255
255
255
255
255
255
255
255
255
255
255
255
255
255
255
255
255
255
255
255
255
255
255
255
255
255
255
