209
-843.385
-186.532
682.968
-258.458
201.915
405.773
-548.897
-613.121
-17.5822
-104.135
-724.203
24.1855
143.487
-283.158
-475.054
-65.173
180.638
179.891
350.325
366.49
1.0188
76.9386
443.8
123.21
25.9895
48.1427
-97.5586
585.564
-370.422
-181.197
-764.29
-231.696
-181.48
-109.245
63.6097
194.669
-83.6855
-212.735
-434.998
68.3282
-442.047
116.934
-424.157
154.653
323.559
415.461
89.2432
362.063
-114.711
68.7246
-130.622
151.113
40.2932
-326.032
32.8921
-197.324
13.3027
-134.848
-393.282
168.474
-15.5735
-3.38071
-165.671
23.5843
212.393
-83.1115
-211.631
72.821
116.641
-134.459
-18.7638
-260.45
-108.214
244.121
-84.001
-105.077
87.5282
204.539
65.7584
-293.738
-20.3035
138.15
40.6841
-106.808
-280.507
53.59
-134.214
24.7894
22.0939
109.404
8.19046
58.7806
25.8051
106.972
-2.49595
42.1192
1.66651
80.6424
-159.357
12.2982
41.343
59.202
34.247
38.1157
133.466
-193.978
-69.9582
41.7136
-102.35
18.3052
-99.2968
97.8088
-168.094
-38.0282
79.1123
-77.9385
-59.4412
-3.66797
34.5456
263.586
-113.145
-3.64097
176.866
-357.133
-3.27637
-191.468
16.813
93.9975
6.68517
32.9828
-109.847
-1.25763
-201.631
-111.187
182.412
-144.877
168.952
255
255
255
255
255
255
255
255
255
255
255
255
255
255
255
255
255
255
255
255
255
255
255
255
255
255
255
255
255
255
255
255
255
255
255
255
255
255
255
255
255
255
255
255
255
255
255
255
255
255
255
255
255
255
255
255
255
255
255
255
255
255
255
255
255
255
255
255
255
255
255
