209
-378.418
-327.836
857.416
-315.896
-43.5611
335.562
-544.249
-718.205
65.6691
-63.6875
-664.354
-204.574
-17.1134
-330.126
-335.075
-373.68
34.1121
295.837
600.552
271.674
191.25
-2.37132
425.13
40.6908
-15.168
-81.9265
-158.776
489.904
-217.556
-228.93
-893.382
-234.392
-294.693
-186.803
87.0985
70.6081
-11.8682
-104.677
-441.35
83.6309
-426.068
92.0305
-442.421
263.242
338.079
396.833
121.069
347.336
-117.707
101.921
-57.6001
188.455
28.7492
-275.256
-8.72444
-153.606
-9.52897
-158.185
-289.778
179.38
10.3876
7.02451
-87.5771
24.4641
169.878
-44.0867
-187.526
53.9204
93.1847
-153.348
-2.20765
-256.517
-70.8802
211.159
-82.2737
-142.879
89.7521
213.936
21.9537
-273.239
-34.6427
101.505
29.767
-136.967
-260.173
68.1551
-127.938
19.6536
37.9427
118.386
12.2718
53.7766
19.7725
106.922
-2.49595
42.1192
1.66651
80.6424
-159.357
12.2982
41.343
59.202
34.247
38.1157
133.466
-193.978
-69.9582
41.7136
-102.35
18.3052
-99.2968
97.8088
-168.094
-38.0282
79.1123
-77.9385
-59.4412
-3.66797
34.5456
263.586
-113.145
-3.64097
176.866
-357.133
-3.27637
-191.468
16.813
93.9975
6.68517
32.9828
-109.847
-1.25763
-201.631
-111.187
182.412
-144.877
168.952
255
255
255
255
255
255
255
255
255
255
255
255
255
255
255
255
255
255
255
255
255
255
255
255
255
255
255
255
255
255
255
255
255
255
255
255
255
255
255
255
255
255
255
255
255
255
255
255
255
255
255
255
255
255
255
255
255
255
255
255
255
255
255
255
255
255
255
255
255
255
255
