209
-647.88
-257.078
527.474
-63.1946
52.6584
235.604
-532.091
-697.578
-116.417
-11.6565
-582.77
-13.8351
111.488
-87.5624
-754.267
-137.552
79.5496
221.626
259.126
158.089
109.982
173.123
528.173
-39.0431
153.034
177.958
-175.535
475.379
-249.521
-407.822
-861.108
-181.375
-443.775
-68.0011
76.4653
107.187
71.0773
-248.416
-415.433
43.6661
-492.73
71.3752
-275.222
122.682
300.303
423.391
4.7229
340.941
-116.761
52.1831
-42.3672
201.856
97.5327
-315.24
24.8652
-196.295
17.3135
-155.213
-334.996
212.251
-12.345
19.3676
-88.6406
-10.8517
117.491
-69.0716
-216.605
62.8245
91.5403
-132.275
-10.8417
-267.901
-110.328
203.885
-82.0128
-110.899
92.8356
200.574
46.5966
-296.981
-15.2854
121.914
74.1034
-121.541
-250.873
68.773
-134.495
20.8566
34.8439
118.183
19.4789
57.105
19.2994
108.358
-2.49595
42.1192
1.66651
80.6424
-159.357
12.2982
41.343
59.202
34.247
38.1157
133.466
-193.978
-69.9582
41.7136
-102.35
18.3052
-99.2968
97.8088
-168.094
-38.0282
79.1123
-77.9385
-59.4412
-3.66797
34.5456
263.586
-113.145
-3.64097
176.866
-357.133
-3.27637
-191.468
16.813
93.9975
6.68517
32.9828
-109.847
-1.25763
-201.631
-111.187
182.412
-144.877
168.952
255
255
255
255
255
255
255
255
255
255
255
255
255
255
255
255
255
255
255
255
255
255
255
255
255
255
255
255
255
255
255
255
255
255
255
255
255
255
255
255
255
255
255
255
255
255
255
255
255
255
255
255
255
255
255
255
255
255
255
255
255
255
255
255
255
255
255
255
255
255
255
