209
-843.903
-242.719
876.556
128.611
92.9988
235.844
-414.513
-616.741
288.747
-277.597
-216.016
-379.378
283.538
-379.495
-390.71
-234.31
-190.31
69.6907
159.736
153.569
107.184
-55.7728
314.751
-5.3643
-50.0673
-85.4011
-206.584
456.601
-373.718
-242.78
-730.217
-396.04
-214.832
-223.102
32.1748
249.054
47.2914
-176.655
-406.471
117.422
-493.778
17.3268
-436.741
139.238
283.513
428.066
-19.8553
295.849
-189.508
-29.182
-99.2469
156.588
116.842
-297.34
64.567
-197.563
-24.6343
-97.8479
-363.33
144.706
18.3107
29.486
-80.7836
10.6885
178.733
-34.3539
-186.13
42.6392
119.652
-123.042
-16.3724
-270.911
-99.6449
224.479
-71.4134
-129.183
95.6249
210.847
52.4372
-293.346
-18.076
116.226
56.0307
-125.046
-271.136
73.5843
-130.524
27.5004
34.0305
117.135
20.2379
57.1996
18.0452
107.89
-2.49595
42.1192
1.66651
80.6424
-159.357
12.2982
41.343
59.202
34.247
38.1157
133.466
-193.978
-69.9582
41.7136
-102.35
18.3052
-99.2968
97.8088
-168.094
-38.0282
79.1123
-77.9385
-59.4412
-3.66797
34.5456
263.586
-113.145
-3.64097
176.866
-357.133
-3.27637
-191.468
16.813
93.9975
6.68517
32.9828
-109.847
-1.25763
-201.631
-111.187
182.412
-144.877
168.952
255
255
255
255
255
255
255
255
255
255
255
255
255
255
255
255
255
255
255
255
255
255
255
255
255
255
255
255
255
255
255
255
255
255
255
255
255
255
255
255
255
255
255
255
255
255
255
255
255
255
255
255
255
255
255
255
255
255
255
255
255
255
255
255
255
255
255
255
255
255
255
