209
-940.805
219.276
1125.77
-299.276
189.133
265.2
-522.008
-519.735
-51.1678
1.16357
-528.018
-3.8138
41.9859
-235.531
-575.825
-29.9838
166.549
19.3958
342.747
332.152
260.763
140.149
370.432
39.6204
5.42177
-55.3363
-88.7475
477.335
-336.713
-180.792
-790.208
-197.539
-297.41
-61.1956
176.886
148.494
11.152
-184.684
-485.3
57.557
-537.309
56.017
-364.383
167.41
231.62
450.251
125.161
299.947
-116.352
35.5565
-140.684
232.552
119.187
-277.049
-57.5747
-161.563
-9.4854
-105.616
-357.157
118.839
72.7766
18.2714
-51.6178
-22.7197
188.9
-22.1969
-192.669
78.8445
92.1092
-186.034
-3.72136
-215.951
-92.601
217.383
-66.8356
-134.369
119.426
199.853
57.0998
-279.77
3.8171
105.031
63.3359
-139.224
-280.655
65.4601
-147.358
26.2576
23.3104
122.628
13.9865
58.776
19.7304
107.768
-2.49595
42.1192
1.66651
80.6424
-159.357
12.2982
41.343
59.202
34.247
38.1157
133.466
-193.978
-69.9582
41.7136
-102.35
18.3052
-99.2968
97.8088
-168.094
-38.0282
79.1123
-77.9385
-59.4412
-3.66797
34.5456
263.586
-113.145
-3.64097
176.866
-357.133
-3.27637
-191.468
16.813
93.9975
6.68517
32.9828
-109.847
-1.25763
-201.631
-111.187
182.412
-144.877
168.952
255
255
255
255
255
255
255
255
255
255
255
255
255
255
255
255
255
255
255
255
255
255
255
255
255
255
255
255
255
255
255
255
255
255
255
255
255
255
255
255
255
255
255
255
255
255
255
255
255
255
255
255
255
255
255
255
255
255
255
255
255
255
255
255
255
255
255
255
255
255
255
