209
2159.06
0
0
0
0
0
0
0
0
0
0
0
0
0
0
0
0
0
0
0
0
0
0
0
0
0
0
0
0
0
0
0
0
0
0.000249017
0.0353604
-0.0195929
0.0954844
-0.101697
0.00806176
0.148056
0.000435421
0
0
0
0.171398
0.0182725
-0.0239632
0.0246702
-0.0741643
-0.0104128
0.0908808
0.0200624
0
0
0
-0.0667146
0.0749898
-0.0414852
-0.00894971
0.0111485
0.0570151
0.00401406
0.0774713
-0.0624086
-0.108991
0
-0.104288
0.0281852
-0.00514387
0.00750358
-0.0378349
0.11538
-0.163828
0.0689299
-0.0779225
0
0
0.0239963
-0.024104
-0.174344
0.154516
0.0465044
-0.096559
-0.100439
0.1772
0.111488
0.0167445
0
0.128259
-0.0462141
-0.158452
0.19957
-0.156488
0.0321434
0.0984754
0.087841
0.0103072
0.0152343
0
0.0352434
-0.0490014
0.087665
-0.0976009
0.0134174
0.121176
0.0294264
-0.0286832
0.00650082
0.010375
0
-0.203405
0.0706014
0.0908112
-0.23778
0.247127
-0.203953
-0.00235457
-0.12605
0.0125053
0.00512186
0
-0.129014
-0.0706412
-0.0252558
0.00697966
-0.0344288
0.114203
0.0476192
-0.128351
0.00808107
0.000525319
0
0.156039
0.00503743
0.0283682
-0.105513
-0.0305224
-0.0725695
-0.0333286
0.0844428
-0.0197832
0
0
-0.0436182
0.00218568
0.106289
0.0101106
0.0634808
0.032841
-0.0622065
-0.0147456
-0.0911183
-0.0302823
0
0.0263935
0.0973246
-0.0374666
0.0535597
0.209609
-0.0765034
-0.00674062
0.00374927
0
0
0
0.204126
-0.00869799
-0.138175
0.103223
-0.0308924
-0.0653463
-0.0449945
0
0
0
0
0.00686569
-0.00334866
-0.00052693
0.0402037
0.0698807
-0.0501917
-0.0481469
-0.048213
0
0
0
0.00433811
0.00491652
0.00491652
0.00491652
0.00491652
0.00491652
0.00491652
0.00491652
0.00491652
0.00433811
0
0
0
0
0
0
0
0
0
0
0
0
