209
-2.85498e-13
0
0
0
0
0
0
0
0
0
0
0
0
0
0
0
0
0
0
0
0
0
0
0
0
0
0
0
0
0
0
0
0
0
4.37464e-05
0.0943673
0.0639054
0.0207085
0.145179
-0.180749
-0.0238763
-0.0280426
0
0
0
-0.00301984
0.0266111
-0.006399
-0.0148459
-0.0236823
-0.0409426
-0.00530304
0.113573
0
0
0
0.0198545
0.0128599
-0.0133196
-0.0122946
-0.0368078
-0.0336444
0.0346131
-0.0169451
-0.057806
0.162111
0
-0.00563247
-0.00504713
-0.0168246
0.0231051
0.00676109
0.0631766
-0.0218835
0.0446447
-0.264767
0
0
0.0314468
-0.000134253
-0.011477
-0.0282012
0.0185872
-0.0560466
0.00971893
0.0161681
-0.0264032
0.180387
0
-0.000854193
-0.0302881
0.0112713
-0.0101945
-0.00973817
0.0333957
-0.0227872
0.0480448
-0.0906658
-0.103249
0
-0.0333159
0.0357263
-0.00705656
0.025768
-0.016275
0.0027295
-0.00757638
0.0128453
-0.226499
0.116674
0
0.05067
-0.0167771
-0.00625406
-0.00510683
0.0344041
-0.00905007
0.0210987
-0.0434553
0.00579527
0.00255701
0
-0.0196276
0.00777612
0.039789
-0.00547116
-0.0380846
0.0118948
0.0244075
0.00728036
-0.223399
-0.0349566
0
0.00585017
-0.0116884
0.00117564
-0.00222222
-0.00473616
-0.0431776
-0.00391099
-0.015545
0.0744882
0
0
-0.000368348
0.00617962
-0.0296001
0.0394054
0.0186171
0.00645138
-0.00962336
0.0397421
-0.0178175
0.0419149
0
-0.00784582
0.0102175
0.072473
0.0279472
-0.0714126
0.0805649
-0.0604634
0.0295351
0
0
0
-0.0419547
0.0436192
-0.0590337
0.26393
-0.274587
0.156167
0.144421
0
0
0
0
-0.121246
0.102889
-0.0379455
0.102442
-0.251907
0.0310457
-0.356026
0.230839
0
0
0
-0.175029
0.0240075
0.171507
0.0538276
0.0157408
0.0138706
0.0246005
0.0528089
-0.153283
-0.0551284
0
0
0
0
0
0
0
0
0
0
0
0
