209
-1.11246e-16
0
0
0
0
0
0
0
0
0
0
0
0
0
0
0
0
0
0
0
0
0
0
0
0
0
0
0
0
0
0
0
0
0
0.372525
-0.0105198
0.0198992
-0.00503911
-0.0575153
0.107969
-0.000447044
-0.112558
0
0
0
-0.00168026
0.000893519
-0.00419078
-0.011167
0.0145471
0.0143193
-0.00257229
-0.0226131
0
0
0
0.00165403
-0.000428921
0.00701052
0.00805483
-0.00544375
-0.0150779
-0.0029106
0.00895794
3.50341e-05
-0.00747831
0
-0.00583113
0.00470195
-0.000933726
0.0028654
-0.00695606
0.00939702
-1.90852e-05
-0.0105974
-0.0561468
0
0
0.00363114
-0.00140085
0.012133
-0.00745122
0.00465745
0.00129538
-0.00293095
-0.00133956
0.0494495
0.0773845
0
0.00319556
-0.00543095
-0.00223443
-0.00388456
0.00473381
-0.00971508
0.00369818
0.00228336
-0.043925
-0.0688285
0
0.00212757
-0.00531291
0.0015801
-0.00246711
0.00191658
-0.00270047
0.00485624
0.001325
-0.220706
-0.033574
0
-0.000134723
0.0116977
-0.0111963
-0.00355312
0.00223646
0.00357136
-0.0003872
-0.0119722
0.00096519
-0.0238682
0
-0.00189048
-0.00281998
0.00299004
0.00128342
-0.00747961
-0.011364
-0.00696982
0.0089882
0.0772153
0.00255123
0
-0.0018139
-0.00348465
-0.0108475
0.0151558
-0.000932392
0.0170117
0.000971094
0.00177429
0.000388256
0
0
0.000424593
0.00484142
0.00530091
-0.0122522
0.00582697
-0.000267591
0.00131911
-0.00632139
0.00231088
-0.00255374
0
0.00131529
0.00565833
-0.00112474
0.00361459
0.00741768
-0.00317388
0.000448629
-0.00746198
0
0
0
-0.00133691
0.0179594
-0.0143229
-0.104465
0.0841201
-0.000633574
-0.0315743
0
0
0
0
-0.0337937
0.0098313
0.00109872
0.0086704
0.0247622
-0.0413554
-0.0747501
0.148809
0
0
0
0.0485516
-0.351159
-0.304111
-0.0746483
0.363652
0.0860683
-0.183001
0.520828
0.0569788
-0.17844
0
0
0
0
0
0
0
0
0
0
0
0
