209
-6.94636e-18
0
0
0
0
0
0
0
0
0
0
0
0
0
0
0
0
0
0
0
0
0
0
0
0
0
0
0
0
0
0
0
0
0
-0.223694
-8.31649e-05
0.00549967
-0.0128729
-0.0331217
0.223132
0.00379116
-0.404122
0
0
0
-0.00471846
0.00204323
-0.0036507
-0.00888762
0.0152478
0.0117687
-0.00133393
-0.0257288
0
0
0
0.00483618
-0.00268958
0.00320915
0.00791861
-0.00107706
-0.0156956
-0.000752782
0.00724273
0.000561689
-0.0566259
0
-0.0084037
0.00852314
0.00367866
-0.00441242
-0.00678025
0.0064784
0.000303022
-0.0104692
0.00361485
0
0
0.00396662
-0.00595975
0.0139617
-0.00333972
0.00387345
0.00313256
-0.00427213
-0.00135387
0.0574412
0.0138389
0
0.00355864
-0.00159489
0.00034887
-0.00662426
0.00402505
-0.0125222
0.00343023
-0.00355764
-0.0475706
-0.00443252
0
0.000590678
-0.0079511
0.00305122
0.000435707
-0.000244502
-0.000653168
0.00477116
0.00768945
-0.136962
-0.0627427
0
-0.00152286
0.0125907
-0.01204
0.0035015
-0.00277516
0.000207873
-0.000529534
-0.0105347
0.0136694
-0.0458793
0
-0.0040259
0.00204636
-0.00383457
0.00221481
-0.00785209
-0.00400524
-0.00760713
0.00461721
0.0696336
-0.0248083
0
0.00223743
-0.00350349
-0.00878725
0.0107448
0.00478917
0.0128668
5.37715e-05
0.00219762
-0.00530436
0
0
-0.00227436
0.00355778
0.00410984
-0.0096617
0.00384534
0.00129674
0.000857046
-0.00658676
0.00739738
0.00660597
0
-0.000231045
0.000349787
-0.00496589
-0.00261266
0.00568155
0.00556018
0.00373864
-0.0169094
0
0
0
0.00607488
0.00519905
-0.00367969
-0.0748908
0.0246099
-0.00644645
0.00396376
0
0
0
0
-0.0146688
0.00118375
0.00436118
0.0112443
-0.00757985
-0.02002
0.0608018
-0.0453747
0
0
0
-0.0740886
-0.11087
0.0439395
0.249941
0.133649
-0.377917
0.561859
0.0191393
-0.214717
-0.271603
0
0
0
0
0
0
0
0
0
0
0
0
