209
8.72083e-19
0
0
0
0
0
0
0
0
0
0
0
0
0
0
0
0
0
0
0
0
0
0
0
0
0
0
0
0
0
0
0
0
0
0.460363
-0.00869003
-5.23181e-05
-0.0122584
-0.0282426
0.246178
-0.00367865
0.213383
0
0
0
-0.00297407
0.000427253
-0.000174129
-0.00632361
0.0118133
0.0133188
-0.0072308
-0.0210458
0
0
0
0.00450262
-0.00369047
0.00270059
0.00743165
0.000487067
-0.012801
0.00238052
0.00326934
-0.000612542
-0.0354784
0
-0.00696242
0.00695657
0.00387147
-0.00722752
-0.00234877
0.00267059
-0.00264081
-0.00770788
-0.00132276
0
0
0.00221613
-0.00632314
0.013283
-0.000263756
0.00283804
0.000166386
-0.00134572
0.00192911
0.0373213
-0.000142974
0
0.0054196
-0.001363
0.00250606
-0.00502027
0.00247155
-0.0102125
0.00239233
-0.00609077
-0.086678
0.029127
0
-0.00273918
-0.00733805
0.00164892
0.000627774
-0.000532002
0.00141402
0.00691852
0.00798102
-0.0920797
-0.114862
0
-0.00271059
0.0151853
-0.01182
0.00328059
-0.00461808
0.000945644
-0.00680391
-0.00653512
0.024953
0.0452508
0
0.000455335
0.00253495
-0.00423297
-0.00158754
-0.00516432
-0.00430179
-0.00520698
0.000434119
0.0486371
0.000600289
0
0.00225191
-0.00144525
-0.00517352
0.00984203
0.00295485
0.012996
-0.0026567
-0.000510175
-0.000571023
0
0
-0.00205153
0.00127085
0.00246937
-0.00584203
-0.000676687
0.0030371
0.00113065
-0.00424089
0.00734731
0.0096542
0
-0.00429623
0.00136985
-0.0091672
-0.00217242
0.0106046
0.00492334
0.00331202
-0.0206986
0
0
0
0.00731283
0.00131565
-0.00199318
-0.0105567
0.0244358
0.00533447
0.0422665
0
0
0
0
0.0162018
-0.0115103
-0.0110931
0.0235568
-0.0492271
0.00600255
0.0686764
-0.12131
0
0
0
-0.338303
-0.171028
0.0662017
0.229543
-0.384949
0.336771
0.281692
0.0192532
-0.217177
0.156621
0
0
0
0
0
0
0
0
0
0
0
0
