209
1510.42
0
0
0
0
0
0
0
0
0
0
0
0
0
0
0
0
0
0
0
0
0
0
0
0
0
0
0
0
0
0
0
0
0
-2.03856e-05
-0.00289475
0.0763698
0.00469753
-0.00853217
0.00072184
0.00938513
-0.000427164
0
0
0
-0.160904
0.120946
0.0480772
-0.0164965
-0.0342189
0.0289026
0.0315032
-0.0307155
0
0
0
0.164594
-0.0906321
-0.051293
0.0534254
0.0674186
-0.098946
0.00992576
0.203516
-0.0818048
0.0305277
0
0.116785
-0.0362953
-0.0969323
-0.0811719
0.0785138
0.0208754
0.00814357
-0.0473232
0.0291821
0
0
0.0184968
0.0568557
0.0036719
0.0603573
0.0747805
-0.0304328
-0.0833429
0.0193209
-0.0781115
-0.109303
0
-0.0747805
0.121386
-0.0917774
-0.056853
-0.117626
0.135686
-0.0623961
-0.0617468
-0.00711257
-0.0994447
0
-0.0936377
-0.0516184
0.115766
0.0406364
0.077549
-0.0679473
-0.0068981
-0.114273
-0.0424354
-0.0677253
0
-0.102723
-0.0254481
0.0600241
0.0105523
-0.076653
0.0392057
0.0696716
-0.00987696
-0.0505581
-0.033434
0
-0.0536038
-0.129714
-0.102273
0.0778063
-0.0331666
-0.195705
-0.0586905
-0.0478833
-0.0996961
-0.00342913
0
0.139037
0.218531
0.0739055
0.0318899
0.0199901
0.0404277
-0.0372814
0.177359
-0.0582051
0
0
0.0130791
-0.120824
-0.105187
-0.0188072
0.0776701
0.0353634
-0.0294148
0.0880996
0.0784652
0.00765731
0
-0.0100185
0.0358889
-0.00923336
0.213289
0.235111
0.208143
0.179825
0.153326
0
0
0
-0.0351116
0.134382
0.0236504
0.0168688
-0.0151269
-0.114942
0.0265825
0
0
0
0
0.115327
0.0281123
-0.0639351
-0.169331
-0.152073
0.0384625
0.129417
0.131574
0
0
0
0.00783028
0.00887432
0.00887432
0.00887432
0.00887432
0.00887432
0.00887432
0.00887432
0.00887432
0.00783028
0
0
0
0
0
0
0
0
0
0
0
0
