209
2649.94
0
0
0
0
0
0
0
0
0
0
0
0
0
0
0
0
0
0
0
0
0
0
0
0
0
0
0
0
0
0
0
0
0
0.000116129
0.0164903
-0.0305347
-0.102362
-0.0406007
-0.00388257
-0.0713781
-0.000218582
0
0
0
-0.106045
-0.0382861
0.0504849
-0.101038
-0.0475149
0.0264702
-0.207466
-0.0815503
0
0
0
-0.0107207
0.0876918
-0.123045
-0.260108
0.0891706
0.0825079
0.0236625
-0.205632
-0.0478863
-0.0858384
0
0.0481036
0.00358695
0.149702
0.177967
0.00059364
-0.110618
0.0749361
0.0276085
-0.0456329
0
0
0.021094
-0.209553
0.0428949
0.0468225
-0.120328
0.198139
0.0562843
0.0771945
0.00562722
-0.0474512
0
0.0308535
-0.0875211
-0.2101
0.00153101
0.148353
0.114256
-0.225262
0.100525
0.00194012
-0.0431712
0
-0.0702636
0.120922
0.0816123
0.00564021
-0.0278528
-0.147632
-0.0670452
0.00715294
-0.0184222
-0.0294011
0
0.0103515
-0.027257
0.0601769
-0.168473
-0.0361268
0.0883288
0.181953
-0.161429
-0.0468107
-0.0145145
0
-0.00206397
0.0554897
0.00176943
0.0198644
-0.102273
0.00635853
0.0488505
-0.105076
-0.0463341
-0.00148866
0
-0.12891
0.139744
0.0784837
0.0829773
-0.171202
0.103709
-0.0353387
0.141585
-0.0310441
0
0
-0.116533
0.0446464
0.0221276
-0.0625818
0.0634952
0.00790316
0.00418112
0.0279341
0.119871
-0.00903616
0
-0.0226977
-0.0189861
0.035882
0.0420537
0.0117111
-0.0265946
-0.051483
0.00602232
0
0
0
0.145168
-0.0321657
0.0119949
0.0652715
-0.0113438
-0.0508309
-0.0631441
0
0
0
0
-0.0492251
-0.0731598
-0.0933645
0.00391565
0.0189322
-0.062333
-0.0405716
-0.0400981
0
0
0
-0.00995364
-0.0112808
-0.0112808
-0.0112808
-0.0112808
-0.0112808
-0.0112808
-0.0112808
-0.0112808
-0.00995364
0
0
0
0
0
0
0
0
0
0
0
0
