209
-1.05555e-12
0
0
0
0
0
0
0
0
0
0
0
0
0
0
0
0
0
0
0
0
0
0
0
0
0
0
0
0
0
0
0
0
0
0.0110216
0.0433373
-0.0427841
-0.0376805
0.270302
-0.0104258
-0.00315467
-0.0248404
0
0
0
-0.010626
0.0262707
-0.0175759
-0.0222569
0.0128914
-0.00782123
-0.0162259
0.0519182
0
0
0
0.023682
-0.00294636
-0.0216224
0.00169885
-0.0159746
-0.0383628
0.0201305
0.00126546
-0.0212833
-0.0399094
0
-0.0362175
0.024129
0.00326461
-0.00695702
-0.00662198
0.047
0.00548063
0.0228149
-0.0342307
0
0
0.0394549
-0.00726546
0.0206396
-0.0134705
0.0197643
-0.0240111
-0.00828522
-0.0157544
-0.0457328
0.0379354
0
-0.0147304
-0.0172107
0.00285918
-0.0293272
0.00535267
-0.00753609
-0.00100729
0.0252437
-0.0094023
-0.0243216
0
-0.0159005
-0.00266841
0.00206414
0.0295345
-0.0221162
0.00352185
0.00556463
-0.00366821
-0.0421619
-0.0510641
0
0.0195675
-0.00504419
-0.0210205
0.0112062
0.00547505
-0.00237375
0.00934479
-0.0268197
-0.0163348
0.0242086
0
-0.0294106
0.00214784
-0.0211938
0.000703046
-0.0354952
0.0182862
-0.0126057
0.0167777
-0.00117827
-0.000680074
0
0.0028379
-0.00723655
-0.0100561
0.0138533
0.0111575
-0.00493998
0.00484343
0.00337936
0.0848603
0
0
-0.00033487
0.00471379
-0.0059466
0.0242978
0.00630763
0.0137847
-0.0149701
0.0174155
0.0172837
-0.0276895
0
0.0260935
0.0153868
0.0660537
-0.0135397
0.0623022
-0.221557
0.0881476
0.132297
0
0
0
-0.00633705
0.00761028
-0.014384
-0.108419
0.0612793
-0.0372071
0.00967906
0
0
0
0
0.314903
-0.092729
-0.253634
-0.277977
0.338481
0.479238
-0.378171
-0.166403
0
0
0
-0.0654636
0.0223628
0.00403978
0.0292386
0.00987192
0.00383718
0.00796906
0.00637068
0.00961304
-0.04028
0
0
0
0
0
0
0
0
0
0
0
0
