209
6397.31
0
0
0
0
0
0
0
0
0
0
0
0
0
0
0
0
0
0
0
0
0
0
0
0
0
0
0
0
0
0
0
0
0
-0.000118338
-0.016804
-0.0468283
-0.0187103
-0.0188443
-0.000510764
-0.00900361
1.77683e-05
0
0
0
-0.102816
-0.214795
-0.253754
0.0976061
0.207248
0.20368
0.167682
0.135018
0
0
0
0.176751
0.0953432
-0.0872547
0.192721
-0.0600382
-0.196712
-0.197588
-0.0793323
0.0902309
0.046002
0
0.201756
0.0426509
0.0647587
0.0593741
-0.000317078
-0.0056473
-0.085589
0.0649274
0.0302043
0
0
0.0710404
0.0626151
0.0324609
-0.106425
-0.0598316
-0.102028
-0.0248826
0.087107
0.0278246
-0.00899858
0
0.0537528
-0.00502477
-0.0843435
-0.0491223
0.162452
0.0763172
-0.00345575
0.0417925
0.00167873
-0.00818695
0
0.0388096
0.017763
0.0578174
0.0323365
-0.0618777
-0.0970598
-0.0055766
-0.0598135
-0.00349357
-0.00557559
0
-0.0139908
0.0430513
0.22744
0.130998
-0.119586
-0.110895
0.00524279
-0.0756523
-0.0227549
-0.00275251
0
0.050887
0.0571187
-0.0161599
-0.0361141
-0.0587169
0.0637712
0.00206448
-0.0499957
-0.0198864
-0.000282308
0
0.137173
0.0243063
-0.0707436
-0.0795174
-0.0698231
0.040944
-0.0851309
0.0663575
-0.0345529
0
0
-0.0276906
-0.056973
-0.109154
-0.0276156
-0.0402872
-0.0118879
0.171909
0.083275
-0.0638626
-0.0466408
0
0.0899356
-0.017858
-0.169757
-0.014545
-0.0108372
-0.0576848
-0.0358115
-0.0267486
0
0
0
-0.00927792
-0.191338
-0.220173
0.0274651
-0.00402237
-0.00958688
0.0163068
0
0
0
0
-0.0466244
-0.0465985
-0.044049
0.0217921
0.0269152
0.0150815
0.0134585
0.0133987
0
0
0
-0.0209741
-0.0237706
-0.0237706
-0.0237706
-0.0237706
-0.0237706
-0.0237706
-0.0237706
-0.0237706
-0.0209741
0
0
0
0
0
0
0
0
0
0
0
0
