209
-2.20308e-14
0
0
0
0
0
0
0
0
0
0
0
0
0
0
0
0
0
0
0
0
0
0
0
0
0
0
0
0
0
0
0
0
0
0.102509
-0.0618008
-0.0119692
0.00900659
0.00839113
0.197896
0.0257182
0.0980414
0
0
0
0.0154427
-0.0247434
0.00362034
0.0117077
-0.0015186
0.00563861
-0.0169884
-0.00183651
0
0
0
-0.0227871
0.00128847
0.000403457
0.00127366
0.00594826
0.0270714
-0.00105997
-0.0132973
0.0275467
0.0764561
0
0.019962
-0.00527703
-0.00565075
-0.0105844
-0.00352769
-0.0193333
0.010222
0.00551036
0.0619624
0
0
-0.0148462
0.0244808
-0.0227126
0.0213108
-0.0150318
0.0104195
-0.00644713
-0.0116461
-0.0923946
0.258632
0
-0.0138805
0.00437035
-0.00793087
0.00896938
-0.00831114
-0.00671419
0.0105714
-0.0015152
0.395297
-0.0659415
0
0.0192654
-0.00100642
-0.00101096
-0.0102479
0.00287797
0.00467402
-0.0145521
-0.0438083
-0.429731
0.0578524
0
-0.016019
-0.018971
0.013737
-0.0141701
-0.0052372
0.0141332
0.0107108
0.0289938
-0.0950832
-0.0427415
0
0.0130377
-0.00359994
-0.00285835
-0.00748209
0.0611681
0.00258583
-0.00642043
0.0132062
0.0241022
0.0898664
0
-0.00111401
0.0100108
0.0127057
0.00370286
-0.0404897
-0.00886685
0.00150858
-0.0103739
0.0138888
0
0
-0.00206581
-0.00676207
0.00555586
-0.00270834
0.00198898
-0.00729268
0.00764728
-0.000595277
0.0125995
-0.0803599
0
0.000582019
-0.0152653
-0.010104
-0.0395213
-0.00111728
0.00758356
0.0354901
-0.00622027
0
0
0
0.00474156
0.00493711
0.0138671
0.190328
-0.0523311
0.0181176
-0.0277297
0
0
0
0
0.00888681
0.00883811
-0.0110095
-0.0438346
0.0194516
0.0257632
0.0250098
-0.0502163
0
0
0
0.166431
-0.0423363
-0.196314
0.173308
0.24075
-0.0892635
-0.0283957
-0.396357
-0.060183
0.285532
0
0
0
0
0
0
0
0
0
0
0
0
