209
8.18925e-13
0
0
0
0
0
0
0
0
0
0
0
0
0
0
0
0
0
0
0
0
0
0
0
0
0
0
0
0
0
0
0
0
0
-0.00649479
-0.0199968
0.0354816
-0.0950386
0.0147216
0.0025682
0.0083378
0.021156
0
0
0
-0.0537385
0.0696084
-0.0413472
-0.0624618
0.075875
0.0526208
0.00673817
-0.0928241
0
0
0
0.0617832
-0.014931
0.0166322
0.0525993
-0.0189592
-0.143597
0.00781949
0.0627936
-0.0560345
-0.300963
0
-0.0501188
0.0317304
0.0316234
-0.0321798
-0.0276924
0.097664
-0.0213176
-0.0449814
-0.162027
0
0
0.0279783
-0.0489695
0.093773
-0.0544297
0.0524638
-0.0122085
0.0067764
0.0127521
-0.0193984
-0.0664764
0
0.0466741
-0.0260409
0.0152072
-0.0447978
0.023827
-0.0666722
-0.00847349
0.0200972
0.0261845
0.0420681
0
-0.0172933
-0.0662147
0.0575469
-0.016015
-0.0105293
-0.00548351
0.0579889
0.0768126
-0.0140799
0.0452402
0
-0.00412162
0.120075
-0.110967
0.0370544
0.00649999
-0.0176747
0.00270048
-0.12155
0.133449
0.0397359
0
-0.0367232
-0.00952783
-0.0353115
0.026979
-0.122187
-0.0178811
-0.0228827
0.0521461
0.076551
0.00196786
0
0.000839209
-0.0161618
-0.0775385
0.0903391
0.0626208
0.0812313
-0.0180887
0.0158754
0.123752
0
0
-0.0158882
0.0312978
0.0118788
-0.073924
0.053609
0.00732197
0.0174072
-0.0496317
0.0254655
0.0999263
0
0.0358158
0.0736175
0.0461011
0.0151781
-0.0513532
0.0999991
0.0928666
-0.231887
0
0
0
-0.00171034
0.0428448
-0.0646027
0.0663438
-0.0317303
0.0600339
-0.0133163
0
0
0
0
-0.0900343
-0.100402
0.0595045
-0.0499639
-0.09137
-0.0254916
-0.0383088
-0.0430604
0
0
0
-0.267289
0.142974
-0.25013
0.196017
0.106824
0.0737606
-0.0422287
-0.23439
0.385885
-0.161918
0
0
0
0
0
0
0
0
0
0
0
0
