209
2083.01
0
0
0
0
0
0
0
0
0
0
0
0
0
0
0
0
0
0
0
0
0
0
0
0
0
0
0
0
0
0
0
0
0
-0.00042874
-0.0608811
0.118021
-0.0229339
-0.0368078
0.00411192
0.08377
0.00121582
0
0
0
0.0814996
-0.0648088
-0.149898
-0.149614
-0.0468578
0.269171
0.153192
0.0339557
0
0
0
0.0742321
0.00574321
-0.064541
-0.257985
0.16488
0.0304523
-0.142395
-0.0558901
0.121764
0.049027
0
-0.0427667
0.130902
0.213611
0.128446
0.234194
0.0423866
0.0245723
0.031159
0.0379134
0
0
0.0929559
0.0656222
-0.0359828
-0.141942
0.224921
-0.00828744
0.0152529
0.0884924
0.0337423
0.00425352
0
-0.0107672
-0.0481373
-0.00162247
0.209111
-0.0863998
-0.0575684
-4.78469e-06
0.0151081
0.00188701
0.00386987
0
-0.0220307
-0.052381
0.0336231
-0.0290217
0.0784278
0.158191
-0.00524025
0.109654
0.00165137
0.00263551
0
0.0459026
-0.0800852
-0.0808803
0.0339837
-0.0921627
0.141371
-0.0101118
-0.0676928
-0.04311
0.00130108
0
-0.0175593
-0.0817505
-0.0985741
-0.0567341
-0.144728
-0.158983
-0.0280023
-0.120233
0.0211913
0.000133444
0
-0.01296
0.0295703
-0.0866025
0.00500434
0.0119475
-0.168183
0.0534886
-0.156728
0.0564839
0
0
0.11519
-0.0480341
-0.0870186
0.113519
0.104389
-0.0511834
0.0845087
0.0390016
0.0735864
0.0697728
0
0.0472945
0.0422126
-0.00147389
-0.037479
-0.0259089
-0.0208328
-0.0229357
0.0273577
0
0
0
-0.0219418
0.0696135
0.192564
0.017585
-0.0145291
-0.0216043
-0.02085
0
0
0
0
0.050877
0.0493091
0.0527764
-0.0058695
0.00485499
-0.0231174
-0.0247236
-0.0248049
0
0
0
0.0139338
0.0157916
0.0157916
0.0157916
0.0157916
0.0157916
0.0157916
0.0157916
0.0157916
0.0139338
0
0
0
0
0
0
0
0
0
0
0
0
