209
-2.19094e-12
0
0
0
0
0
0
0
0
0
0
0
0
0
0
0
0
0
0
0
0
0
0
0
0
0
0
0
0
0
0
0
0
0
-0.0042151
0.0028361
-0.148191
-0.064549
0.381195
0.0228339
0.0046613
-0.00746788
0
0
0
0.00460574
0.010235
-0.0366825
-0.0469742
0.0222933
0.0880267
-0.0622479
-0.0772905
0
0
0
0.0383181
-0.054259
-0.0228311
0.0355851
-0.019351
-0.0327191
0.00903173
0.02836
-0.0326853
0.0349127
0
-0.0697414
0.0908881
0.031313
-0.040916
0.0303379
0.030139
-0.01779
0.0426963
0.0285117
0
0
0.0511185
-0.0461599
0.0310796
0.0182952
0.0157981
0.000824971
0.001016
-0.0421936
0.0467566
0.0216269
0
-0.0276012
0.0228148
-0.0399963
-0.0341581
0.0213573
-0.0353103
0.0310552
0.0257028
-0.00428257
0.0446035
0
0.0174387
-0.0412027
0.0124319
-0.00415214
-0.00859851
5.9246e-05
0.0240235
-0.0724657
0.0166653
0.0145052
0
-0.031529
0.0281029
-0.0428668
-0.0228375
-0.0106444
0.0191546
-0.00964582
0.0426084
-0.122124
0.00626138
0
-0.0374491
-0.0195833
0.0085563
-0.0384058
0.00877437
-0.0288006
-0.0727532
0.019788
0.00360879
-0.000415751
0
0.0344111
-0.0237618
-0.0548746
0.111569
-0.0802943
0.0585776
0.00578943
-0.0466168
0.0514266
0
0
-0.0231532
0.0128052
0.0523052
-0.0234808
0.0230304
0.0241128
-0.00878956
0.00428502
0.0626064
-0.110318
0
0.0799138
0.0325692
0.0566091
0.0685691
0.188569
-0.547938
0.152043
0.238922
0
0
0
-0.0400286
0.0248978
0.00524618
-0.00699338
0.0696574
0.176066
-0.195196
0
0
0
0
-0.189922
0.0098115
0.0945757
0.127772
-0.237104
-0.107073
0.137793
0.0670788
0
0
0
-0.0212337
0.0101145
0.0110788
-0.0019688
-0.00727868
0.0055597
-0.0122736
-0.000498168
0.0179649
-0.00449149
0
0
0
0
0
0
0
0
0
0
0
0
