209
3140.99
0
0
0
0
0
0
0
0
0
0
0
0
0
0
0
0
0
0
0
0
0
0
0
0
0
0
0
0
0
0
0
0
0
0.000281611
0.0399888
-0.110282
-0.0823276
0.0178346
-0.00212701
-0.0368702
0.000149139
0
0
0
0.0686209
0.0310779
-0.00169742
-0.160604
0.0801529
-0.0257818
-0.0545737
0.0383456
0
0
0
0.00873566
0.0147305
0.0388642
-0.105431
-0.0872345
0.106923
0.0373203
-0.0591844
-0.013389
0.0106532
0
0.0709283
-0.0706391
-0.0588094
0.0648499
0.0347878
0.0671131
-0.0467652
-0.122193
0.00184807
0
0
-0.101108
0.132269
0.00628359
-0.0279291
-0.0885427
0.134737
-0.0407021
0.0995459
0.0192402
0.0825682
0
-0.108213
0.0363405
-0.11765
0.273569
-0.0794154
-0.113118
0.000581952
0.0487516
0.00116515
0.0751209
0
-0.146992
-0.00963844
0.142058
0.151073
-0.0513408
-0.0357712
-0.155515
-0.0244689
0.0320559
0.0511599
0
0.0491379
-0.0197046
0.113713
-0.0228577
-0.0306886
-0.0176342
0.0245416
0.107818
0.0259314
0.0252562
0
0.136833
-0.0326096
0.00914124
-0.189998
-0.0273445
-0.0496014
0.0406183
0.0728805
0.101976
0.00259038
0
0.121398
-0.0915298
-0.236699
-0.0626906
0.0424922
-0.130759
0.0815775
0.00572559
0.117919
0
0
-0.215704
-0.040807
0.0650173
0.00591723
-0.152538
0.228823
-0.0545535
-0.0928823
0.138415
0.102145
0
-0.0342209
0.0372003
-0.110607
0.0089465
-0.0701467
0.0430741
0.174364
0.0100569
0
0
0
0.0541901
0.0306836
-0.130286
-0.061444
-0.00114263
0.0114844
0.123689
0
0
0
0
-0.0456782
-0.0441649
-0.0450556
-0.0600585
-0.0654163
0.124688
0.124685
0.124705
0
0
0
-0.0215218
-0.0243914
-0.0243914
-0.0243914
-0.0243914
-0.0243914
-0.0243914
-0.0243914
-0.0243914
-0.0215218
0
0
0
0
0
0
0
0
0
0
0
0
