209
5.92502e-16
0
0
0
0
0
0
0
0
0
0
0
0
0
0
0
0
0
0
0
0
0
0
0
0
0
0
0
0
0
0
0
0
0
-0.136102
-0.00619694
0.00478682
-0.00598709
-0.0433417
0.412499
-0.00966437
-0.0910225
0
0
0
0.000169323
-0.00219675
0.0041615
-0.00465558
0.0145495
0.0111743
-0.0075271
-0.0161482
0
0
0
-0.0029165
0.00168867
0.00659393
0.00518837
0.00131265
-0.00682057
-0.000748537
0.00337388
0.00572404
0.0274043
0
-0.00225915
-0.00445309
-0.00152418
-0.00020653
-0.00596162
-0.00150096
0.00147387
-0.0123849
-0.0601328
0
0
-0.00279545
0.00428943
0.0141118
-0.00294344
0.00297639
-0.000272016
0.000865756
0.00345567
-0.0570079
0.161935
0
0.0061606
-0.00767927
0.00436379
-0.00117844
0.00322716
-0.00653661
0.00261536
-0.00785736
0.167071
-0.10641
0
-0.00304661
-0.00449499
-0.00131452
-0.000645007
0.00133478
0.000157502
0.00800885
0.00437508
-0.2482
-0.0883804
0
-0.00552888
0.0106682
-0.00731143
-0.000434005
-0.00313825
0.0056693
-0.0130693
-0.00793449
0.0236141
0.402199
0
0.00876042
-0.00247161
-0.0150281
0.000310836
-0.00958349
-0.0100153
-0.0030428
0.00550326
-0.0152933
-0.0372504
0
-0.00917654
0.00522278
0.00112622
0.00413673
0.00892202
0.0204455
-0.0029621
0.00470795
0.0507293
0
0
0.00533017
-0.00145373
0.00183299
-0.00425812
-0.00863457
0.00311429
0.000730819
-0.00522926
-0.00116956
-0.00433737
0
-0.00494577
0.00803255
-0.0132682
0.0113071
0.00602521
0.00740783
-0.0108289
-0.0171989
0
0
0
0.0114843
-0.00071601
-0.00248464
0.0560366
0.071301
-0.0407903
0.00845029
0
0
0
0
-0.0483879
0.0166119
0.0291736
-0.0235522
0.00263584
0.00631537
0.0730496
-0.0808923
0
0
0
-0.00621906
0.299833
0.183674
0.0198345
-0.331499
-0.111691
-0.321719
0.292003
0.0924515
-0.133052
0
0
0
0
0
0
0
0
0
0
0
0
