209
-6.00286e-12
0
0
0
0
0
0
0
0
0
0
0
0
0
0
0
0
0
0
0
0
0
0
0
0
0
0
0
0
0
0
0
0
0
0.000863617
-0.00573184
0.250424
0.10274
0.098305
-0.0233981
-0.0381872
-0.00728378
0
0
0
0.0645643
-0.152722
0.090336
-0.177546
0.131383
0.115376
-0.0663506
-0.16776
0
0
0
-0.00372379
-0.0437401
-0.0329088
0.0367023
-0.0455656
-0.011995
0.0231739
-0.0347625
0.114837
0.0297255
0
-0.0272692
0.162311
-0.0100445
0.0177161
-0.00168568
0.0395031
-0.0675762
-0.0777681
0.254935
0
0
0.0609889
-0.117275
0.0314813
0.0757946
-0.0158497
-0.0330852
-0.0575524
0.0685145
0.0261654
-0.144362
0
0.0123298
0.0435931
-0.0290967
-0.0549867
-0.0170555
-0.0480036
-0.0103535
-0.100174
-0.000413777
-0.13412
0
-0.08579
0.0365603
-0.0845276
0.0888555
-0.0341477
0.0650928
0.0139568
-0.0196486
-0.0472123
-0.0793779
0
0.131077
0.0564358
-0.0375522
-0.0738879
0.0178539
-0.0227421
-0.0597782
0.00417962
0.199903
-0.0351354
0
-0.0773668
0.136213
0.221746
-0.0606122
0.141255
-0.0901823
-0.02889
-0.00104116
-0.0925324
-0.00422364
0
0.185454
-0.124223
0.019841
0.0956845
-0.168924
-0.0348693
0.0574812
-0.105008
0.0574598
0
0
-0.040765
-0.0197107
0.0475872
-0.0446725
0.0961518
-0.00042986
-0.0486676
0.0897652
0.0468053
0.00183442
0
-0.170251
-0.0982344
-0.141841
0.0191588
0.151308
0.0518546
-0.112148
-0.079344
0
0
0
-0.0465854
0.182921
-0.123197
0.105406
-0.0340451
-0.0385538
0.0248428
0
0
0
0
-0.0888307
-0.0744558
0.000264286
0.0228536
0.123967
0.0731687
0.00447819
0.0299703
0
0
0
-0.00347779
0.0169498
0.001792
-0.00870109
-0.00334979
-0.00293194
-0.0111348
0.00848838
0.000561125
0.00158094
0
0
0
0
0
0
0
0
0
0
0
0
