209
-1.35708e-17
0
0
0
0
0
0
0
0
0
0
0
0
0
0
0
0
0
0
0
0
0
0
0
0
0
0
0
0
0
0
0
0
0
-0.0125196
0.00108627
-0.0084199
-0.00675192
-0.00181612
0.18587
-0.00835654
0.119429
0
0
0
-0.00290265
0.00188903
0.000158575
-0.000887889
0.00565728
0.00307094
0.00076911
-0.00533309
0
0
0
0.000930326
-8.72914e-05
0.000788477
0.00176174
0.00391819
-0.00359939
-0.00233886
0.00326677
0.0056985
-0.0237066
0
-0.00217097
-0.000304405
0.00225733
-0.00290015
-0.00335101
-0.0010943
0.00319364
-0.00716741
0.00508886
0
0
-0.00118846
-0.00152832
0.0063346
-0.000508734
0.00171686
0.00318444
-0.00111251
-0.000332987
-0.0242856
0.0975369
0
0.00238337
0.000306426
0.0020193
-0.00270741
0.001926
-0.00571841
0.000201158
-0.00500728
-0.0221444
-0.0361649
0
-0.000673464
-0.00634906
0.00317933
-0.000853843
-0.0010318
0.000867513
0.00486132
0.00474279
-0.226811
0.020207
0
-0.00319455
0.00707473
-0.00473403
0.00441761
-0.00328817
-0.000919415
-0.00456703
-0.00209415
0.0153985
0.000257224
0
-1.69046e-05
-0.00111591
-0.0101587
0.00269539
-0.00500591
0.000438003
-0.00145571
-0.000742692
0.0307198
0.0163846
0
-0.00208259
0.001825
-0.00159291
0.00130945
0.00830689
0.00692613
-4.63431e-05
0.00543057
0.0234939
0
0
0.00122983
-0.000986617
0.00156837
-0.00389146
-0.00121441
0.000392391
7.63931e-05
-0.00438457
0.00220675
-0.00990521
0
0.00208422
0.00551037
-0.00236094
-0.00420767
0.00229127
0.00346028
0.00134666
-0.00522017
0
0
0
0.0058833
-0.00485968
0.00253062
0.0251292
0.0196395
-0.0236075
-0.0235408
0
0
0
0
-0.0615395
0.0410529
0.0209107
-0.0575293
0.0531821
-0.0119157
-0.000704385
0.0355715
0
0
0
0.0400668
0.120329
0.107624
-0.700653
0.0808541
0.300367
0.375908
-0.176684
0.0924453
-0.266949
0
0
0
0
0
0
0
0
0
0
0
0
