209
13146.8
0
0
0
0
0
0
0
0
0
0
0
0
0
0
0
0
0
0
0
0
0
0
0
0
0
0
0
0
0
0
0
0
0
3.83887e-05
0.00545119
-0.0137843
-0.06736
0.032203
-0.00315786
-0.058528
-0.00023475
0
0
0
0.133132
0.0778394
-0.101716
-0.0676059
0.0300163
-0.1401
-0.129078
-0.0434104
0
0
0
0.024656
0.191467
0.0176943
0.0628124
0.261217
0.00874738
-0.139507
-0.0321711
-0.0485
0.0112526
0
0.152767
-0.00426854
-0.112822
-0.0460461
0.10465
0.0865847
-0.0449887
-0.0284846
0.00676083
0
0
0.249209
-0.0582755
-0.111982
-0.0702436
0.0826517
0.199407
0.0540239
-0.0386283
0.0340924
0.0178484
0
0.00260502
-0.106556
-0.0899633
-0.130188
-0.0717417
-0.0312883
0.136221
-0.0062856
0.00250678
0.0162385
0
-0.18886
-0.141029
-0.22052
-0.177781
-0.0851962
-0.154792
0.002594
0.0317087
0.00692937
0.011059
0
-0.200061
-0.0607348
-0.0686415
-0.0838721
0.0185206
-0.0170334
0.0876696
0.0310867
0.024978
0.00545951
0
-0.124467
-0.0417136
-0.0865804
-0.10261
0.0895153
-0.00551843
0.0906697
0.0516004
0.0252163
0.000559949
0
-0.0899824
-0.132022
-0.0224729
-0.0429403
0.0640699
0.0757476
0.0917192
0.0152305
0.0347862
0
0
0.0455188
-0.148478
-0.0576577
-0.0694268
-0.0351767
0.114819
0.0775309
0.240953
0.0284985
0.0349219
0
-0.0386649
-0.160666
-0.0757021
0.00516617
-0.0293259
0.0346239
-0.0064302
0.00600874
0
0
0
-0.0879519
-0.0579517
-0.100686
0.0132197
0.0161079
0.0171817
-0.0175666
0
0
0
0
0.0488263
0.0497999
0.0466593
0.0377061
0.029039
-0.0156803
-0.014058
-0.0139844
0
0
0
0.024891
0.0282098
0.0282098
0.0282098
0.0282098
0.0282098
0.0282098
0.0282098
0.0282098
0.024891
0
0
0
0
0
0
0
0
0
0
0
0
