209
-3.42983e-18
0
0
0
0
0
0
0
0
0
0
0
0
0
0
0
0
0
0
0
0
0
0
0
0
0
0
0
0
0
0
0
0
0
-0.51709
0.0108614
0.000556055
-0.00120917
-0.00341723
-0.0224796
0.00120449
-0.268254
0
0
0
-0.000506372
0.00201335
-0.000596521
-0.00180436
0.00060134
-0.000788352
-0.000212139
0.00399895
0
0
0
0.0013659
0.000329059
-0.000736246
-0.000311595
-0.00145922
-0.00220604
0.000668858
0.000575794
-0.00126549
-5.66316e-05
0
-0.00200352
0.000301068
-0.000458377
0.00122354
9.73911e-05
0.0034349
-7.45855e-05
0.000401425
-0.00345741
0
0
0.00238978
-0.000567082
0.00197007
-0.00205802
0.00155208
-0.00214306
0.000118011
0.000135163
-0.0183915
-0.0119614
0
-0.000202412
-0.00160957
0.00031264
-0.00133968
0.000643831
0.000709113
-0.000881994
0.00147392
0.291676
0.00134747
0
-0.0017465
0.00053846
-0.000497874
0.0020658
-0.00127075
-0.00014528
0.00105615
0.0013571
-0.0359337
-0.00587913
0
0.00193201
0.000295305
-0.00111287
0.000245192
0.00114615
-0.000549993
-0.00056029
-0.00261709
0.00372503
-0.0668529
0
-0.00132747
-0.000166917
-0.000654184
0.000610691
-0.00453192
-1.13261e-05
0.000337267
0.000147862
0.0381226
0.173763
0
-0.000680397
-0.000702568
-0.000441204
9.1441e-07
0.00218348
6.02635e-06
0.000431278
0.00115626
-0.00162803
0
0
0.000734232
0.000633646
-0.000908514
0.00172484
-5.42e-05
0.000859804
-0.00138895
0.00140603
-0.00100864
-0.00412825
0
0.000866699
0.00205947
0.00385488
0.00155478
-0.000148554
0.000805837
-0.00349582
0.00157619
0
0
0
-0.000985908
0.00114662
-0.00239949
-0.0109754
-0.00224094
0.00122989
0.0126174
0
0
0
0
0.00615465
-0.00666799
-0.00222992
0.0184919
-0.0170068
-0.00104739
-0.0298155
0.0225321
0
0
0
-0.293296
-0.114596
-0.293074
-0.133106
-0.103539
0.379286
0.0619163
0.224315
-0.0661558
0.344245
0
0
0
0
0
0
0
0
0
0
0
0
