209
3109.49
0
0
0
0
0
0
0
0
0
0
0
0
0
0
0
0
0
0
0
0
0
0
0
0
0
0
0
0
0
0
0
0
0
-0.000113882
-0.0161712
-0.0162448
-0.155599
-0.0260484
-0.00482456
-0.0956313
-0.00110665
0
0
0
-0.00920896
0.0274797
0.0423644
-0.141403
0.104837
0.0395355
-0.0362262
0.0046884
0
0
0
-0.0395282
0.111234
0.013886
0.108135
0.330684
-0.117826
0.223273
0.0401857
-0.0422527
-0.00238595
0
-0.250872
-0.133653
-0.197026
0.00498804
-0.0947545
-0.166638
-0.204654
-0.0546386
0.00421066
0
0
0.0821234
0.0574146
-0.0923825
-0.0113653
-0.0470975
0.0541868
0.0567094
0.145233
-0.0791724
-0.0996914
0
-0.0428896
-0.0686461
0.165462
0.102021
0.115806
0.0892999
-0.0291167
0.0278703
-0.00587235
-0.0906997
0
0.139375
0.00560278
0.0985577
-0.219995
0.0636643
0.0677257
0.029457
-0.027877
-0.0387037
-0.0617696
0
0.129252
0.0254634
0.132825
0.020259
-0.143958
-0.0126516
-0.080224
0.0501043
-0.120453
-0.0304939
0
-0.0732169
-0.131702
-0.0284119
0.0474963
-0.0708529
-0.0341713
0.0327541
-0.00604806
-0.0957104
-0.00312757
0
0.0979579
-0.0282085
-0.172184
0.0258445
0.043778
-0.0986735
0.10068
-0.051706
-0.0696733
0
0
-0.0609659
0.133591
-0.0866767
-0.104836
-0.00834081
-0.0237759
-0.124713
0.0823649
-0.011986
-0.0123694
0
-0.00678486
-0.0747068
-0.0443408
-0.0525414
-0.0478461
-0.0761126
-0.0920225
-0.0243692
0
0
0
-0.0122336
-0.0128125
0.0200568
0.0222843
-0.0114666
-0.0367007
-0.0279297
0
0
0
0
-0.00360519
-0.0215727
-0.0371224
-0.027871
-0.0173751
-0.0271356
-0.0105578
-0.0101934
0
0
0
-0.00915906
-0.0103803
-0.0103803
-0.0103803
-0.0103803
-0.0103803
-0.0103803
-0.0103803
-0.0103803
-0.00915906
0
0
0
0
0
0
0
0
0
0
0
0
