209
3767.2
0
0
0
0
0
0
0
0
0
0
0
0
0
0
0
0
0
0
0
0
0
0
0
0
0
0
0
0
0
0
0
0
0
7.52385e-05
0.0106839
0.023211
0.0356037
0.0299371
-0.00412132
-0.0788094
-0.000598297
0
0
0
0.0693987
-0.0796534
0.116566
0.0890278
0.102987
0.0891212
0.17368
0.0650806
0
0
0
0.0682405
-0.0710431
0.159408
0.00321279
0.202427
-0.0520883
-0.0443478
-0.0379457
-0.0102948
0.0820356
0
-0.0944248
-0.0483969
-0.131317
-0.241988
-0.0823318
-0.0758099
-0.0603235
-0.0253252
0.0454339
0
0
-0.0630594
0.00347563
0.160415
0.103832
0.10367
0.105736
-0.161525
0.0780365
0.0525874
0.0585093
0
-0.107002
0.0396745
-0.0896015
0.107242
-0.150078
-0.0532152
0.0673076
0.15227
0.00251773
0.053232
0
0.0322067
-0.116241
0.0065704
0.159883
-0.0910354
-0.105306
0.000492448
-0.00881823
0.0227154
0.0362528
0
0.0476108
-0.0944206
-0.0403808
-0.103298
0.0455012
0.0324467
-0.029677
-0.0932647
0.0255608
0.017897
0
0.00931457
0.35627
-0.000801002
0.0495892
-0.000696961
0.0981301
0.0487257
-0.0757584
0.0576281
0.00183558
0
-0.188985
0.0442618
-0.188808
0.0898928
-0.0506717
0.0686799
-0.0380988
0.0368162
0.0433245
0
0
0.0349267
-0.126648
-0.117349
0.0722124
0.00897094
-0.100399
-0.126071
0.117446
-0.0130546
0.0131502
0
0.0940879
-0.0628971
0.0893977
0.0478026
-0.00646995
0.0448314
-0.0805209
0.00488617
0
0
0
0.0439614
-0.0413536
0.0734684
-0.0236939
0.0047609
-0.0221254
-0.0715252
0
0
0
0
-0.0775905
-0.107042
-0.142501
-0.0726157
-0.0756839
-0.065394
-0.0319106
-0.0310796
0
0
0
-0.00412407
-0.00467394
-0.00467394
-0.00467394
-0.00467394
-0.00467394
-0.00467394
-0.00467394
-0.00467394
-0.00412407
0
0
0
0
0
0
0
0
0
0
0
0
