209
25894.7
0
0
0
0
0
0
0
0
0
0
0
0
0
0
0
0
0
0
0
0
0
0
0
0
0
0
0
0
0
0
0
0
0
-1.25659e-06
-0.000178436
0.00128438
0.0184751
-0.00739156
-0.000135032
-0.00168713
8.81577e-05
0
0
0
-0.0335541
-0.0574408
-0.0632886
-0.0425619
-0.0908577
-0.094903
-0.0651115
-0.0282122
0
0
0
-0.0528855
-0.118831
-0.217887
-0.00524978
-0.0360694
-0.0384983
-0.0346361
-0.000816544
0.0356689
-0.0231236
0
0.0796625
-0.184285
-0.114047
0.0964117
0.0325865
0.0338792
-0.135436
0.0437626
-0.0114868
0
0
0.0314339
-0.157304
-0.10426
0.20821
0.0996009
0.0727666
-0.128783
-0.00487758
-0.0465031
-0.0163155
0
0.100225
-0.0513447
-0.125898
0.197228
-0.0309454
-0.00714761
0.0277907
0.0266349
-0.00343354
-0.0148439
0
0.0828227
-0.020729
-0.185666
0.114595
0.0110865
-0.0404805
-0.0317817
0.0542252
-0.00633426
-0.0101092
0
0.074402
0.0237916
-0.0965008
0.229813
0.105893
0.117841
-0.0623073
0.0856695
-0.00783861
-0.00499063
0
0.108622
0.0196126
-0.0812771
0.0917383
0.0221962
0.0346815
-0.109638
0.0907002
-0.00356791
-0.000511859
0
0.126826
0.0932259
-0.127917
0.0310772
-0.0404073
-0.0755187
-0.111936
0.0820029
0.0223928
0
0
0.337278
0.274772
0.125746
-0.147341
-0.16276
-0.0600193
0.114007
0.205087
0.124857
0.0469359
0
0.0458745
-0.0110026
-0.0150213
-0.00572465
-0.0262674
-0.0169095
-0.019624
-0.00838545
0
0
0
-0.00370058
-0.0180513
-0.0167071
-0.025097
-0.00788357
-0.0084357
-0.00449463
0
0
0
0
-0.0371793
-0.0408031
-0.0436684
-0.0429907
-0.0403229
-0.00446572
-0.00129359
-0.00122644
0
0
0
-0.00205043
-0.00232382
-0.00232382
-0.00232382
-0.00232382
-0.00232382
-0.00232382
-0.00232382
-0.00232382
-0.00205043
0
0
0
0
0
0
0
0
0
0
0
0
