209
158.631
0
0
0
0
0
0
0
0
0
0
0
0
0
0
0
0
0
0
0
0
0
0
0
0
0
0
0
0
0
0
0
0
0
-0.00029099
-0.0413206
-0.125981
0.0451866
0.0372613
0.00736063
0.145279
0.0016135
0
0
0
0.233322
-0.132582
0.182246
-0.0234424
-0.039503
0.00675183
-0.086088
-0.0489294
0
0
0
0.00836757
-0.158569
0.16571
0.0155945
0.00154502
0.02549
-0.00773849
-0.0418697
0.0167049
-0.131612
0
0.119205
0.0298721
-0.104663
0.0089586
0.140298
-0.165146
0.0214713
0.0300169
-0.0712257
0
0
-0.0252619
0.0402265
0.119333
-0.0654964
-0.083091
0.0651193
-0.0405275
-0.0589294
-0.100538
0.0218424
0
-0.0503109
-0.167087
0.110131
0.0542077
-0.0471386
0.0204977
0.0430533
0.228871
-0.00621759
0.0198723
0
0.0049774
0.0839699
-0.100279
0.104499
0.0836188
-0.0632381
0.0397616
0.0750344
0.00848001
0.0135337
0
0.0853877
0.0744815
0.101215
-0.119895
-0.0920664
0.0437473
0.112917
-0.119827
0.0960862
0.00668122
0
-0.218222
-0.187229
-0.0751175
0.0886757
0.120744
0.0427753
-0.126511
-0.0197437
0.0242226
0.000685253
0
0.130456
0.201836
0.0493448
-0.0826758
-0.148947
-0.0812558
-0.0259965
-0.0514809
0.0344193
0
0
-0.0367445
0.011509
-0.0144506
0.0158491
0.0959389
-0.0770444
-0.0225884
0.145265
-0.138547
0.0158749
0
0.110607
0.0881405
-0.103306
-0.0333062
-0.0483714
0.00845661
0.0331809
-0.0237276
0
0
0
-0.20245
-0.0687953
-0.0780491
-0.0916571
0.00875499
0.0728852
0.0719164
0
0
0
0
-0.0173985
0.0252199
0.0658173
0.00143122
-0.0159129
0.068234
0.0265615
0.02561
0
0
0
0.00759583
0.0086086
0.0086086
0.0086086
0.0086086
0.0086086
0.0086086
0.0086086
0.0086086
0.00759583
0
0
0
0
0
0
0
0
0
0
0
0
