209
9.43304e-18
0
0
0
0
0
0
0
0
0
0
0
0
0
0
0
0
0
0
0
0
0
0
0
0
0
0
0
0
0
0
0
0
0
0.46204
-0.0126555
-0.00263905
0.00404303
0.0169417
-0.240968
0.0105856
-0.648238
0
0
0
0.00099386
-0.000233702
-0.00174654
0.00258894
-0.00568739
-0.00764298
0.00787076
-5.23203e-05
0
0
0
-0.00123806
-0.00159917
-0.00354756
-0.00245646
0.00121493
0.0080031
-0.002033
0.000101137
-0.00674131
-0.00103906
0
0.00739283
-0.00132992
0.00216479
-0.00203684
0.00484793
-0.00156686
-0.00127012
0.00843324
0.0440144
0
0
-0.00436582
0.00319272
-0.0107883
0.00327653
-0.00302638
0.00285299
0.00397823
-0.00195146
-0.0356002
0.0183128
0
-0.0021474
0.00332565
-0.00388403
0.00666073
-0.00236246
0.00467952
-0.00162995
0.00807604
0.276519
-0.0272187
0
0.00430611
0.000920508
0.00241132
-0.00348151
0.00187116
-0.00162943
-0.00439816
-0.0100848
0.0650764
0.0731471
0
-0.00178612
-0.00756897
0.00662834
-0.00127947
0.00247905
-0.00170973
0.00928683
-0.000103505
-0.0314556
-0.0462122
0
-0.000961164
-0.00181538
0.00391073
0.00261693
0.00487805
0.00412141
0.00264668
0.0116188
-0.0163987
0.112488
0
0.000129823
0.000554742
0.00278675
-0.00486641
-0.00232584
-0.00955313
-0.000783117
-0.00461457
-0.00485096
0
0
-0.00158546
0.000921291
-4.83595e-05
-0.00250851
0.00397225
-0.00352818
0.00354324
-0.00327026
-0.0048708
-0.0178537
0
0.00583368
-0.00276245
0.00594474
-0.00662637
-0.0135339
0.0115182
0.00985176
-0.00501807
0
0
0
-0.00721981
-0.0024478
0.00507557
0.0276877
-0.0301151
0.000359854
0.00242485
0
0
0
0
0.0167333
-0.00924127
-0.00229521
0.0157339
-0.0218798
-0.0049502
-0.00416567
-0.00751564
0
0
0
0.162269
0.188398
-0.0457825
-0.0520944
-0.295579
0.0953719
0.0771061
-0.095049
0.07895
-0.1071
0
0
0
0
0
0
0
0
0
0
0
0
