209
2540.69
0
0
0
0
0
0
0
0
0
0
0
0
0
0
0
0
0
0
0
0
0
0
0
0
0
0
0
0
0
0
0
0
0
-0.000240855
-0.0342014
0.0559473
-0.0838099
-0.0432406
-0.000791769
-0.0102275
0.00047659
0
0
0
-0.00498618
0.110729
-0.0715972
0.0114141
0.036818
0.188682
0.0755607
0.0249144
0
0
0
-0.192342
0.0418038
0.0526839
0.0964958
0.0626735
0.00513486
0.0295883
0.134587
0.0309388
0.0831175
0
0.0872466
-0.103963
-0.139764
0.0130677
0.0867731
-0.0531354
0.0330105
0.129834
0.0546525
0
0
-0.0352687
-0.231803
0.166741
0.0577077
0.0844066
-0.00949826
-0.092023
0.177872
0.12075
0.0786835
0
0.0336324
-0.0334433
-0.104073
-0.235261
-0.0718326
-0.0329615
0.0267046
0.0806589
0.00829287
0.0715866
0
-0.0916442
0.221174
0.0113285
0.00396806
-0.0135491
0.00681314
-0.13493
-0.0983826
0.0305477
0.0487529
0
-0.0452421
0.0811724
0.00132974
0.0591029
-0.112357
-0.0737134
0.10702
-0.0914891
0.0708322
0.0240679
0
-0.0754877
-0.0638571
-0.0108612
-0.106788
0.0655278
-0.000997043
0.0848842
-0.0250334
0.072743
0.0024685
0
0.0713428
0.116456
-0.013055
-0.0506157
0.0473802
-0.160296
-0.0251795
0.144347
0.0558528
0
0
0.122266
0.0391493
-0.0117073
-0.042499
-0.0258272
0.0369478
-0.0933657
-0.193157
0.0366044
-0.00156388
0
-0.175243
-0.0238172
0.209073
-0.0827257
-0.109794
-0.188399
-0.0958974
-0.103013
0
0
0
-0.112868
0.0755139
0.134938
0.0241266
-0.0134761
-0.007744
0.0735471
0
0
0
0
0.0155605
0.0267659
0.0444939
0.0262867
0.0360688
0.0691621
0.0537416
0.053326
0
0
0
-0.00928213
-0.0105197
-0.0105197
-0.0105197
-0.0105197
-0.0105197
-0.0105197
-0.0105197
-0.0105197
-0.00928213
0
0
0
0
0
0
0
0
0
0
0
0
