209
113.538
0
0
0
0
0
0
0
0
0
0
0
0
0
0
0
0
0
0
0
0
0
0
0
0
0
0
0
0
0
0
0
0
0
1.71527e-05
0.00243569
0.0617733
0.149859
-0.0851249
-0.00224346
-0.0222132
0.00216507
0
0
0
-0.0368224
0.0827292
0.0443634
-0.0143869
-0.158525
-0.0603522
0.216407
-0.0543598
0
0
0
0.100052
0.0686632
-0.00383186
0.028864
0.0137534
-0.0790062
-0.0558268
0.129863
-0.0980551
-0.0412739
0
-0.186652
-0.0318328
-0.0458284
0.0792285
0.304533
-0.0216992
-0.0255834
-0.0950051
0.0183155
0
0
0.0828716
0.0811733
0.0994206
-0.0319107
-0.0496682
0.0382679
0.0632365
-0.115385
0.105105
0.0154203
0
0.0681776
-0.125099
0.0471235
-0.0348725
0.0998669
0.0241828
-0.00318573
0.158749
0.0112841
0.0140294
0
6.51471e-05
0.0277058
-0.119948
0.115202
-0.0384269
-0.0362035
0.149041
-0.00167552
0.00598669
0.00955451
0
0.0275191
0.056672
-0.116654
-0.000908223
-0.100168
0.0985738
0.011429
0.0182648
-0.0416629
0.00471678
0
-0.0705723
0.0123494
0.15664
-0.0806086
0.0903387
-0.0368058
-0.235388
-0.0932495
-0.00968051
0.000483773
0
0.0608429
-0.046776
-0.18803
-0.118062
-0.124408
0.111262
0.089956
0.159432
-0.00968503
0
0
-0.0882041
0.113536
-0.027447
0.184566
-0.208255
0.0324152
0.0323532
-0.105157
0.022925
-0.0971925
0
-0.11597
-0.0713629
0.0830108
0.0702934
-0.0638336
-0.0227136
0.0572728
0.0577258
0
0
0
0.207576
-0.0365513
-0.0691414
0.115903
-0.0271213
-0.0838873
-0.02073
0
0
0
0
0.0301256
0.00091736
-0.0180091
0.0222584
0.0522339
-0.0225156
0.000414347
0.000857936
0
0
0
0.00675718
0.00765814
0.00765814
0.00765814
0.00765814
0.00765814
0.00765814
0.00765814
0.00765814
0.00675718
0
0
0
0
0
0
0
0
0
0
0
0
