209
-4.82009e-12
0
0
0
0
0
0
0
0
0
0
0
0
0
0
0
0
0
0
0
0
0
0
0
0
0
0
0
0
0
0
0
0
0
0.00122468
-0.221844
0.305689
0.136509
0.06629
-0.00514634
0.0884758
0.00342648
0
0
0
0.0148902
-0.0995925
0.0659619
-0.027419
0.123129
-0.0424486
0.0951817
-0.151012
0
0
0
-0.0845459
0.0878755
0.0866335
-0.020598
0.0292341
-0.0381238
-0.0604963
0.0336413
0.00733291
-0.0545723
0
0.132209
-0.123456
-0.0674021
0.101542
-0.178578
-0.0310789
0.0310883
-0.0426667
-0.0485928
0
0
-0.119224
0.119204
-0.0248648
-0.0217086
-0.00628296
0.0309619
0.00136104
0.0181592
0.0125499
0.0237988
0
0.0702296
-0.0705812
0.039518
0.0272764
0.0193226
-0.00875195
-0.0023382
0.0169103
0.00512202
0.0295622
0
-0.00835726
0.0409231
-0.0127978
-0.0580806
0.0423972
0.00939798
-0.0134827
-0.0165839
0.0131199
0.0241758
0
-0.0275178
-0.0114941
0.00896461
-0.0494901
0.0406087
0.0415112
-0.00986217
-0.00428556
-0.0319897
0.00624434
0
0.102746
-0.029594
0.0222891
0.0572195
-0.041711
-0.0789469
0.0175671
0.0174822
0.0371683
0.00126988
0
-0.0767375
0.0668808
0.0377272
-0.0137033
0.0650741
0.0889042
-0.0178246
-0.0264536
0.0269705
0
0
0.0746453
-0.0656307
0.0197078
-0.0965465
0.0120627
-0.0259537
0.0386805
-0.0457418
-0.0858913
0.170222
0
-0.124242
0.0326621
-0.17057
0.46147
-0.302651
-0.269283
0.00640987
0.178094
0
0
0
0.0532996
0.0543805
-0.0281452
0.0338881
-0.0582978
-0.0202143
0.022701
0
0
0
0
0.011043
-0.00858374
0.00503876
-0.0349701
0.0280185
-0.0302873
-0.0223635
-0.00976204
0
0
0
-0.00418067
-0.00318897
-0.00128787
-0.000972421
-0.0015237
8.53572e-05
0.0175682
-0.00557749
-0.0076641
0.0070831
0
0
0
0
0
0
0
0
0
0
0
0
