209
3980.04
0
0
0
0
0
0
0
0
0
0
0
0
0
0
0
0
0
0
0
0
0
0
0
0
0
0
0
0
0
0
0
0
0
0.000244795
0.0347609
0.0977742
-0.00643587
0.0296476
-0.000504226
-0.0125415
-0.000422299
0
0
0
0.111738
0.0618491
-0.0448913
0.013084
0.0375393
-0.0696191
-0.05454
0.0328726
0
0
0
-0.0790992
-0.0905783
0.00330807
0.110891
-0.0601191
-0.00309632
-0.0893852
0.0969116
0.0329933
-0.0419284
0
-0.0930613
0.0150342
0.126268
0.129322
-0.106833
-0.225134
-0.108365
0.107893
-0.0212316
0
0
0.0451394
0.0299075
-0.181237
-0.00719233
0.0761266
-0.113378
0.200411
0.00650392
-0.0270348
0.0463757
0
-0.0127822
-0.278314
-0.232017
0.107297
0.0731075
-0.0517002
0.000473806
-0.191303
-0.00144506
0.0421928
0
-0.0170328
-0.0102899
-0.0382738
-0.0635639
0.0211072
0.158257
-0.0145784
-0.00928164
0.0180047
0.0287347
0
-0.00180446
0.0684165
0.115482
-0.0826001
-0.195875
0.139088
-0.0340141
0.0102511
0.0538289
0.0141855
0
-0.143545
0.182718
0.0379195
-0.0316868
0.169538
0.0980497
0.0480785
-0.0300896
0.0421801
0.00145492
0
-0.0412905
0.0625545
-0.0228023
-0.0348431
0.0586206
0.149714
-0.0797749
-0.0182099
0.0332555
0
0
0.0513562
0.00496907
-0.0840004
0.0323528
0.05607
-0.0113094
0.0121633
-0.0221145
0.0128693
-0.00373195
0
-0.055344
-0.061691
0.133559
0.0532321
0.036881
0.107824
0.224029
0.0457154
0
0
0
-0.0207821
-0.0756659
0.112265
-0.0586664
0.00503492
0.0246328
0.121635
0
0
0
0
-0.119633
-0.112075
-0.107946
-0.0371658
-0.0464824
0.122469
0.117022
0.116926
0
0
0
-0.0181298
-0.0205472
-0.0205472
-0.0205472
-0.0205472
-0.0205472
-0.0205472
-0.0205472
-0.0205472
-0.0181298
0
0
0
0
0
0
0
0
0
0
0
0
