209
68.4646
0
0
0
0
0
0
0
0
0
0
0
0
0
0
0
0
0
0
0
0
0
0
0
0
0
0
0
0
0
0
0
0
0
-0.00172446
-0.244873
-0.103788
-0.0249964
-0.0813955
0.00426382
0.0905642
0.00170617
0
0
0
0.0848016
-0.0209248
-0.0680497
-0.032876
-0.0936699
0.0897814
-0.0883569
0.130287
0
0
0
0.0705244
-0.0920763
-0.0293606
0.0381304
-0.0224616
-0.0794522
-0.0147578
-0.00235682
0.169524
-0.0911287
0
-0.0230386
0.0457364
-0.0277739
-0.123577
0.0583444
0.0786722
0.110284
-0.272091
-0.00309038
0
0
0.0334254
0.108909
-0.162364
0.0826816
-0.0615502
-0.084416
-0.0735112
0.109102
-0.189249
-0.0143034
0
0.0197887
-0.0588
-0.0879023
0.130078
-0.0187123
0.0611176
-0.0619635
0.0727696
-0.0140449
-0.0130133
0
0.0154828
0.0958091
-0.0234177
-0.0439956
-0.0022745
-0.0792556
0.0201321
-0.105905
-0.00555309
-0.00886251
0
-0.0102759
-0.0475223
-0.0489858
0.0113032
0.0951173
0.0441098
0.0461963
-0.0423322
0.0896768
-0.00437516
0
0.0613871
-0.0218559
0.274421
-0.208251
-0.0489882
-0.00153488
0.0495851
-0.10553
-0.0411888
-0.000448735
0
-0.0697189
-0.0630624
0.0262488
0.153988
0.0543731
0.0855542
-0.069107
0.0862702
-0.0309328
0
0
-0.0230699
0.120301
-0.0536412
-0.08558
0.052399
0.0725594
-0.000531123
0.0106264
-0.174886
-0.112908
0
-0.0472955
-0.235167
0.193838
0.0468758
-0.0716571
-0.0449167
-0.0349717
0.0398622
0
0
0
-0.0707853
-0.00349492
0.0182097
-0.15102
-0.0496799
0.040038
0.0640846
0
0
0
0
0.0216284
0.0860194
0.16573
-0.0989016
-0.0877507
0.0496215
-0.0249669
-0.0268351
0
0
0
-0.00127979
-0.00145043
-0.00145043
-0.00145043
-0.00145043
-0.00145043
-0.00145043
-0.00145043
-0.00145043
-0.00127979
0
0
0
0
0
0
0
0
0
0
0
0
