209
42663.5
0
0
0
0
0
0
0
0
0
0
0
0
0
0
0
0
0
0
0
0
0
0
0
0
0
0
0
0
0
0
0
0
0
-2.58003e-05
-0.00366364
0.0145801
-0.0375133
-0.00871069
-0.00150559
-0.0278859
-0.000109667
0
0
0
0.0951154
0.181973
0.138769
0.0691467
0.114895
0.0955157
0.00611328
-0.0126619
0
0
0
0.052107
-0.00576358
-0.148656
-0.137928
-0.0811158
0.0349489
0.0105322
-0.0507687
-0.080018
-0.0157665
0
0.131643
0.0695121
-0.153894
-0.104494
-0.0552742
-0.0141828
0.0811457
-0.0539862
-0.0112168
0
0
0.0640802
0.0146943
-0.221357
-0.149799
-0.029975
-0.00605607
-0.00785975
-0.0769723
-0.0268552
-0.0140816
0
0.169916
0.168749
-0.0898642
-0.05352
0.0341258
0.0135407
0.115106
-0.0503848
-0.00181502
-0.0128115
0
0.182053
0.0675977
-0.144234
-0.0780208
-0.0664253
-0.0289204
0.145883
-0.0410236
-0.00546698
-0.00872508
0
0.19548
0.0514583
-0.196183
-0.189066
-0.149967
-0.0712345
0.111409
-0.0973963
-0.0097443
-0.00430732
0
0.209307
0.113771
-0.176157
-0.152613
-0.0461309
0.0197432
0.175011
-0.0678502
-0.017769
-0.000441776
0
0.222366
0.184462
-0.123728
-0.140828
-0.0551798
0.0622099
0.161719
-0.117106
-0.023479
0
0
0.0632497
0.0576852
0.0244215
0.0128832
-0.0236865
-0.0703541
-0.0459198
-0.0537331
-0.0563843
-0.0189485
0
0.0515252
0.00723141
0.0399137
0.0305206
0.00108282
0.0045544
0.0386937
0.0036942
0
0
0
0.035946
0.0220797
0.0528247
-0.00835081
-0.0038586
0.00514791
0.0290503
0
0
0
0
-0.0150269
-0.00757779
0.0015083
0.000317396
0.00133232
0.0274427
0.0188994
0.0186865
0
0
0
-0.00265441
-0.00300833
-0.00300833
-0.00300833
-0.00300833
-0.00300833
-0.00300833
-0.00300833
-0.00300833
-0.00265441
0
0
0
0
0
0
0
0
0
0
0
0
