209
97464.7
0
0
0
0
0
0
0
0
0
0
0
0
0
0
0
0
0
0
0
0
0
0
0
0
0
0
0
0
0
0
0
0
0
3.80415e-05
0.00540189
0.00627186
0.0075645
0.0100365
0.000447671
0.00880967
9.49844e-05
0
0
0
0.0501576
0.0475897
0.0928852
0.0827335
0.0656681
0.0328688
0.0144942
-0.00157762
0
0
0
-0.137357
-0.214736
-0.168883
-0.100333
-0.106154
-0.120851
-0.133751
-0.102682
-0.0590791
0.00136514
0
0.0801036
-0.212406
0.00679786
0.0250764
0.0095843
0.00955989
-0.118844
-0.0620942
6.40142e-05
0
0
0.074964
-0.218656
0.0483772
0.0102431
-0.0194628
0.00387904
-0.13941
-0.0497932
0.00800703
0.00330264
0
0.0678186
-0.228421
0.019496
-0.0428308
-0.0616915
-0.0153452
-0.111599
-0.0789962
0.000636482
0.00300476
0
0.0892486
-0.236552
-0.0721371
-0.0990083
-0.125062
-0.00362616
-0.0377226
-0.0882682
0.0012822
0.00204634
0
0.0796731
-0.263344
0.0159942
-0.00368526
-0.0764575
0.0133554
-0.0456414
-0.094855
0.00148147
0.00101022
0
0.0715161
-0.26595
0.0223751
0.0134562
0.011142
0.00335019
-0.0883882
-0.0986801
0.00241384
0.000103612
0
0.0768364
-0.236264
0.00493565
0.0249416
0.00934439
0.00295201
-0.152941
-0.0764827
-0.000281517
0
0
-0.182514
-0.191621
-0.201931
-0.0588274
-0.0941955
-0.114485
-0.164492
-0.160072
-0.0404153
-0.00265391
0
0.0390579
0.0131333
0.0242472
0.00677892
0.0097546
0.0123169
0.00865151
0.000538245
0
0
0
0.0457377
0.021063
0.0363054
0.00450051
0.00550361
0.00775721
0.00285729
0
0
0
0
0.00876118
0.0108327
0.0117011
0.0161541
0.0130646
0.00321348
0.00188712
0.00186677
0
0
0
0.0104137
0.0118022
0.0118022
0.0118022
0.0118022
0.0118022
0.0118022
0.0118022
0.0118022
0.0104137
0
0
0
0
0
0
0
0
0
0
0
0
