209
1.57332e-12
0
0
0
0
0
0
0
0
0
0
0
0
0
0
0
0
0
0
0
0
0
0
0
0
0
0
0
0
0
0
0
0
0
0.0047783
0.151721
0.18479
-0.0711613
-0.0614425
-0.0136677
0.144568
0.00391069
0
0
0
-0.0199918
-0.00991951
-0.0462389
-0.0193484
0.0920444
-0.0360486
0.0592733
-0.154953
0
0
0
-0.0165049
0.0208651
0.0121246
0.0361795
-0.0385265
-0.0490334
0.0036983
0.012924
0.0442601
-0.0285132
0
7.04277e-05
0.0240037
-0.00497018
-0.00793495
-0.0954423
0.0685436
0.0202942
-0.0506973
-0.148832
0
0
0.0165469
0.0264004
0.0475468
-0.0320566
-0.00957438
0.0279324
-0.0652889
-0.0386159
-0.333407
-0.0640085
0
-0.0309438
-0.0116125
-0.0148242
-0.0311031
-0.00774137
-0.0609194
0.0202649
-0.00448779
-0.0236444
0.11068
0
0.0666772
0.0156167
0.00123997
0.0204483
-0.00740312
-0.0184883
-0.0780908
0.046772
0.0213135
-0.0107231
0
-0.0090358
-0.0605031
-0.00782035
0.0119148
0.00900473
-0.00997384
0.142901
-0.0597723
-0.169039
0.0334161
0
-0.0296745
0.0630294
-0.0254603
0.0588879
0.032066
0.0450659
-0.0377666
0.0224501
0.173299
-0.00204029
0
0.0232094
-0.0348513
-0.0120059
-0.0111318
-0.0229742
-0.0801791
0.0273471
0.0237202
0.232719
0
0
-0.0415908
0.0536111
-0.0208338
-0.0245514
0.071925
-0.0189219
0.00253447
-0.00641441
0.044849
-0.17806
0
-0.0444937
-0.153144
-0.040736
-0.167462
0.0826681
-0.00827889
-0.0672894
0.246075
0
0
0
0.0932531
0.0030811
0.0455554
-0.116648
-0.164631
-0.203146
0.0990687
0
0
0
0
-0.119856
0.377464
-0.173245
0.14968
0.0634062
-0.0187074
0.0602493
-0.0122567
0
0
0
-0.0171071
-0.0056841
-0.0270859
0.0285654
-0.00265256
0.00751241
-0.00257936
-0.0260831
0.0552392
-0.0137558
0
0
0
0
0
0
0
0
0
0
0
0
