209
519.322
0
0
0
0
0
0
0
0
0
0
0
0
0
0
0
0
0
0
0
0
0
0
0
0
0
0
0
0
0
0
0
0
0
0.00164265
0.233257
0.166596
0.0377321
0.00440319
-5.16859e-06
-0.00716105
-0.000851051
0
0
0
-0.0143026
0.0335084
0.0244662
0.136875
-0.179493
0.0197897
0.0917972
-0.107033
0
0
0
0.0766414
-0.173944
0.18829
0.00579221
0.0992981
-0.103064
-0.0701924
-0.0214223
0.0327874
0.0281953
0
-0.0115024
0.0458022
-0.155095
0.0878723
-0.0874436
-0.210302
0.0846397
-0.0403066
0.0141538
0
0
-0.0610913
-0.088298
-0.00575879
-0.119959
0.13135
0.0190083
-0.00761359
-0.0888275
0.0257897
-0.0411843
0
0.116997
0.0709141
-0.0345449
0.161465
-0.0222553
-0.0457104
-0.0598338
0.110591
0.00232304
-0.0374697
0
-0.0963964
0.138762
0.034184
-0.0610735
-0.154011
0.0756594
0.0483683
-0.0764864
-0.0159892
-0.0255181
0
0.0905272
0.0241448
-0.0368812
0.0372902
0.0961331
-0.00872752
-0.108629
-0.0312305
-0.115061
-0.0125976
0
0.00623209
-0.105688
-0.0324755
-0.32544
-0.0556159
0.097221
0.00775124
0.0359602
-0.0275883
-0.00129206
0
0.0135584
0.0108805
0.247906
0.217587
0.1096
0.0317572
-0.00759958
-0.0645613
-0.00254032
0
0
-0.0398461
-0.00452989
-0.0228296
-0.100627
-0.0155361
0.0647264
0.0269967
0.0635706
0.121543
0.0432644
0
0.054436
-0.0239724
-0.0209882
-0.101649
1.45853e-05
-0.0656288
0.0916483
-0.0756452
0
0
0
0.0549384
-0.201244
-0.134687
0.064521
0.00621366
-0.040784
0.015328
0
0
0
0
0.0662066
0.0327778
-0.00336124
0.00993463
0.0148052
0.0202971
0.0557022
0.0565492
0
0
0
-0.000621517
-0.000704386
-0.000704386
-0.000704386
-0.000704386
-0.000704386
-0.000704386
-0.000704386
-0.000704386
-0.000621517
0
0
0
0
0
0
0
0
0
0
0
0
