209
2255.25
0
0
0
0
0
0
0
0
0
0
0
0
0
0
0
0
0
0
0
0
0
0
0
0
0
0
0
0
0
0
0
0
0
1.71669e-05
0.0024377
0.0247345
-0.0120979
0.0343609
-0.00167358
-0.0269101
0.000370221
0
0
0
0.0452528
-0.037102
-0.101184
0.0534144
0.260684
0.153034
0.0384258
0.079712
0
0
0
-0.0243894
0.0285149
0.0421581
-0.213145
0.127923
0.16829
0.016591
0.0580051
-0.0303992
-0.0135809
0
-0.110169
0.0769602
-0.122498
0.0947911
0.149772
-0.0229512
-0.23179
-0.0528989
-0.00414105
0
0
0.00462574
0.108362
0.0404798
0.140526
-0.128562
0.0275111
0.0264622
-0.106388
-0.039015
-0.0321219
0
-0.0490299
-0.048693
-0.00803954
-0.142573
-0.122896
-0.181953
-0.0702917
0.0175728
-0.00291811
-0.0292246
0
0.0500843
0.153334
-0.0835322
-0.109836
0.231474
-0.0578397
-0.0175505
0.0328162
-0.0124709
-0.019903
0
-0.0023457
0.0593692
-0.149923
0.128746
0.0541611
-0.135355
0.0807058
0.014564
-0.00375662
-0.00982552
0
0.0879817
-0.0551652
0.141763
0.0800602
-0.0524559
0.0476359
0.101674
0.0774079
-0.0271725
-0.00100775
0
0.0462646
-0.0216533
0.227806
0.0582268
-0.0150473
0.0585231
-0.15471
0.0105071
-0.01039
0
0
0.0663284
-0.0205628
-0.0125655
0.0861264
-0.0628632
0.00462085
-0.0314796
-0.0286952
0.0781426
0.0108555
0
0.25783
-0.0842743
0.00923896
0.0683822
0.00175166
0.0756435
0.129581
0.0235265
0
0
0
0.143956
-0.101746
-0.012903
-0.00424483
0.0166747
0.0382509
0.0813275
0
0
0
0
-0.0586422
-0.0417493
-0.0281115
0.0511712
0.0393068
0.0810566
0.0660916
0.065772
0
0
0
0.0238728
0.0270558
0.0270558
0.0270558
0.0270558
0.0270558
0.0270558
0.0270558
0.0270558
0.0238728
0
0
0
0
0
0
0
0
0
0
0
0
