209
8120.54
0
0
0
0
0
0
0
0
0
0
0
0
0
0
0
0
0
0
0
0
0
0
0
0
0
0
0
0
0
0
0
0
0
-0.000139046
-0.0197445
-0.0443338
-0.0531247
0.00518622
0.00174298
0.0375525
0.000761436
0
0
0
0.150415
0.0665692
-0.0166171
-0.104716
0.0220839
0.00558389
0.103058
-0.0117956
0
0
0
0.0778941
0.0567083
-0.0799837
0.0549274
0.0769332
0.0530815
0.183527
-0.057465
-0.0656788
-0.0595057
0
0.0261468
-0.00233676
-0.115166
0.0112486
0.099055
0.0261511
-0.00448368
-0.0540204
-0.0370858
0
0
-0.0935784
-0.00756547
-0.0698868
-0.0986746
0.203988
-0.0294993
-0.0734187
-0.0141186
0.0953435
0.0780888
0
-0.0190487
0.0662885
-0.238156
-0.105181
0.114871
0.0347707
0.0414368
-0.00803069
0.00843309
0.0710455
0
-0.0153329
0.030709
-0.0894029
-0.0653111
-0.0423047
-0.0337766
-0.0551478
0.0373531
0.0303168
0.0483844
0
0.0772352
-0.088588
0.138571
0.042898
-0.0725373
0.0039246
-0.137725
-0.0378115
0.038022
0.023886
0
0.124732
0.0493894
0.152031
0.195108
0.201562
-0.0175733
-0.0227114
0.00312934
0.07412
0.00244984
0
-0.0441918
0.0286098
0.183547
0.23366
0.125414
-0.0369167
0.0265931
0.00780386
0.0560805
0
0
-0.231322
0.162078
-0.0680427
0.111597
-0.0498323
-0.163076
0.116306
0.155398
-0.0379676
0.00624698
0
0.0555701
0.204546
-0.0169067
0.0292325
0.0189795
0.0118598
0.0218194
0.00592919
0
0
0
0.116515
0.106193
0.0181076
0.0268502
0.00812105
0.0183677
0.0213892
0
0
0
0
0.08854
0.101374
0.114538
0.0624851
0.0591707
0.0198255
0.00668233
0.00637379
0
0
0
-0.0694665
-0.0787287
-0.0787287
-0.0787287
-0.0787287
-0.0787287
-0.0787287
-0.0787287
-0.0787287
-0.0694665
0
0
0
0
0
0
0
0
0
0
0
0
