209
1.58955e-14
0
0
0
0
0
0
0
0
0
0
0
0
0
0
0
0
0
0
0
0
0
0
0
0
0
0
0
0
0
0
0
0
0
-0.0608808
-0.0885427
0.0431007
-0.0168205
-0.115863
-0.2248
0.0342404
0.0224157
0
0
0
0.00758426
-0.0178337
-0.0106854
-0.00637085
0.01715
0.0424027
-0.0132055
-0.0923348
0
0
0
-0.00528072
-0.0113893
0.0181676
0.0185356
-0.00161661
-0.0121084
-0.00804596
0.0120107
-0.01839
0.00938494
0
0.0118067
0.0106087
0.0034911
-0.0154997
-0.000226129
-0.00385163
-0.00864866
0.00445606
-0.0471505
0
0
-0.0125231
0.00850885
0.00471927
0.00599271
-0.0110582
0.0158081
0.000935064
-0.0138968
0.221361
-0.0249114
0
0.00456577
-0.000596874
-0.0155666
0.0149577
0.00599673
-0.0190548
0.0149697
0.0209051
0.0014517
0.0587211
0
0.0236497
-0.011977
-0.0011777
-0.0177229
0.0149502
-0.0072847
-0.000437603
-0.0280236
-0.395861
-0.342772
0
-0.0243294
0.0227746
-0.0116843
-0.0185155
-0.00322381
0.0150244
0.0108667
0.00577598
-0.0713116
-0.278691
0
0.0214354
-0.00831822
0.0359676
-0.00172485
0.0287574
-0.0212716
-0.013509
0.0172764
0.38127
-0.0180558
0
-0.00211174
-0.00302574
-0.0164077
0.0287898
-0.0313201
0.0228219
-0.00888557
-0.0220711
-0.0925772
0
0
-0.00686089
0.0120438
0.0108276
-0.0317202
0.00836435
-0.00516049
0.0179663
-0.0242
0.0065666
-0.0628524
0
-0.0148144
-0.0174951
-0.0327996
-0.0409764
0.0371005
0.00866675
0.0408522
-0.0429908
0
0
0
-0.00249335
0.0323163
-0.00442534
-0.270401
0.00358052
0.0751807
0.0530092
0
0
0
0
0.187441
-0.116465
-0.0915277
0.182417
-0.14287
-0.0447642
-0.126692
0.0735648
0
0
0
-0.0268759
0.153243
0.193245
-0.0138874
-0.0877339
-0.00880311
-0.147486
-0.0648017
0.0142915
-0.0162671
0
0
0
0
0
0
0
0
0
0
0
0
