209
64617.4
0
0
0
0
0
0
0
0
0
0
0
0
0
0
0
0
0
0
0
0
0
0
0
0
0
0
0
0
0
0
0
0
0
-9.73323e-06
-0.00138212
-0.0139027
0.00788631
0.0119152
0.000518723
0.00895524
-4.07621e-05
0
0
0
-0.0376002
-0.0735027
-0.108333
-0.103961
-0.0759692
-0.0235845
0.0171406
0.00728477
0
0
0
-0.278797
-0.19717
-0.203812
-0.212047
-0.214339
-0.213115
-0.121497
-0.0477596
-0.0204904
-0.0016372
0
-0.165996
-0.102465
0.0069501
-0.0656549
-0.0296366
-0.109171
-0.104467
-0.0282062
-0.00171378
0
0
0.0266055
0.207301
0.229293
0.191286
0.220456
0.143606
0.138837
0.113591
0.0269545
0.0129986
0
-0.0528758
0.144976
0.082555
-0.0866724
-0.0477824
0.0499969
0.17461
0.031877
0.00211515
0.0118261
0
0.0304418
0.050686
-0.0205961
-0.161668
-0.106121
-0.0128507
0.164731
0.0181879
0.0050465
0.00805401
0
0.0605338
0.113431
0.114608
0.0126256
0.0469201
0.0123265
0.20081
0.0358143
0.00618567
0.00397603
0
0.0149672
0.0351343
0.0542441
-0.0211859
0.015824
-0.0227256
0.145603
0.00680585
0.0120777
0.000407798
0
-0.0425405
0.0919792
0.050191
-0.038076
0.0339062
0.0393572
0.13924
0.0429816
0.00804659
0
0
-0.114912
-0.056374
-0.0580775
-0.0374794
0.00631999
0.0227549
0.0995134
0.116651
0.00937515
-1.35286e-05
0
-0.0148688
0.0252714
-0.0221512
-0.00366675
0.0153803
0.00742341
0.0354746
-0.00312134
0
0
0
-0.0185572
0.00565205
-0.0283174
0.0128633
0.00935868
0.0213596
0.03321
0
0
0
0
0.0435405
0.0554772
0.0666001
0.0485745
0.0432127
0.0322987
0.0207837
0.020523
0
0
0
-0.00145403
-0.0016479
-0.0016479
-0.0016479
-0.0016479
-0.0016479
-0.0016479
-0.0016479
-0.0016479
-0.00145403
0
0
0
0
0
0
0
0
0
0
0
0
