209
199.058
0
0
0
0
0
0
0
0
0
0
0
0
0
0
0
0
0
0
0
0
0
0
0
0
0
0
0
0
0
0
0
0
0
0.00211514
0.30035
0.106204
0.200201
0.00820124
0.0124726
0.257546
0.00410308
0
0
0
-0.00240652
0.104478
0.00145104
-0.106941
0.113338
0.050247
-0.172099
-0.0576685
0
0
0
-0.108046
0.0350043
-0.0805031
0.0318851
0.152547
-0.14812
-0.0339576
0.180265
0.0920708
0.104709
0
-0.00356243
-0.00360702
0.0790516
-0.0321618
0.0161942
-0.0507055
0.155591
-0.188283
0.0667014
0
0
0.0640848
-0.0525591
-0.089119
0.0421016
-0.0173532
0.0158468
0.0622144
-0.0691162
-0.0367259
-0.0200885
0
-0.0620555
0.0967549
-0.0904159
-0.0120066
0.0718156
-0.0144359
-0.00772128
0.226468
-0.00447468
-0.0182766
0
0.0587957
-0.0901435
0.037992
-0.0104822
-0.0426337
0.0167354
-0.0276101
0.0119682
-0.00779908
-0.012447
0
-0.0185425
0.0576005
0.12966
-0.0899841
0.00437121
0.0297332
0.0312239
-0.118902
0.14018
-0.00614473
0
0.102221
-0.00870878
0.127919
0.141999
-0.0661024
0.0831251
0.0963058
0.0376598
-0.0571
-0.000630228
0
-0.0724515
-0.0316463
-0.0432316
-0.045041
0.0245594
-0.0476545
-0.109853
-0.041871
-0.112774
0
0
0.0964093
-0.0293068
0.0301043
0.159638
-0.221489
0.0413121
0.021264
-0.0833543
0.0641121
-0.155548
0
0.0754652
0.138132
-0.104556
-0.0563828
-0.114248
-0.0305691
0.124125
-0.0515318
0
0
0
-0.151836
0.0396581
0.00862474
-0.033589
-0.00321808
-0.00192598
-0.0373256
0
0
0
0
0.0169214
0.0129292
0.0078413
-0.045593
-0.0465809
-0.0363583
-0.0316415
-0.0315223
0
0
0
0.00539345
0.00611257
0.00611257
0.00611257
0.00611257
0.00611257
0.00611257
0.00611257
0.00611257
0.00539345
0
0
0
0
0
0
0
0
0
0
0
0
