209
4.05561e-15
0
0
0
0
0
0
0
0
0
0
0
0
0
0
0
0
0
0
0
0
0
0
0
0
0
0
0
0
0
0
0
0
0
-0.0714323
-0.109161
0.020309
-0.026382
-0.0971642
-0.0705173
0.069032
-0.153302
0
0
0
0.00992973
-0.0336473
-0.0078085
-0.000237145
0.029485
0.0279473
-0.0115183
-0.111508
0
0
0
-0.014551
-0.0132217
0.0075332
0.019449
0.00897748
-0.00158486
-0.00126844
0.00034243
-0.0139591
-0.0157384
0
0.026447
0.0142798
0.0100301
-0.0390693
-0.010061
-0.0148061
-0.00263141
0.0166439
0.0793449
0
0
-0.0246159
0.0239999
-0.0105988
0.02779
-0.0214481
0.0249685
-0.00390516
-0.0227929
0.131364
0.25545
0
-0.00284188
0.00346963
-0.0144741
0.0176582
-0.00306472
-0.0290693
0.0204063
0.0191479
-0.361016
-0.136212
0
0.0329433
-0.0141197
0.00248825
-0.0169163
0.0129329
-0.000751809
-0.0165766
-0.0509316
0.0248519
-0.183863
0
-0.0362288
0.0020962
-0.00308966
-0.0127252
-0.0121987
0.017932
0.031991
0.0110474
-0.143546
0.393403
0
0.0240544
0.0015743
0.0166299
0.00104151
0.0616297
0.000138363
-0.0193563
0.0429637
-0.122955
-0.0625707
0
0.00286628
0.00567941
0.00170071
0.0172978
-0.039924
0.00244447
-0.0129906
-0.0354426
0.00488159
0
0
-0.0137562
0.0054013
0.00985934
-0.0311499
0.0106274
-0.00800749
0.0266152
-0.0290316
0.0208108
-0.0436289
0
-0.0180244
-0.0454105
-0.0437862
-0.0880112
0.0287235
0.0272854
0.0663439
-0.0332301
0
0
0
0.0167155
0.00936541
0.0291523
0.0477553
-0.0789302
0.144378
0.0513633
0
0
0
0
0.112996
0.00182452
-0.0963022
0.020771
-0.114929
0.00681244
-0.0801357
-0.0434755
0
0
0
0.100458
-0.289945
-0.101834
-0.0840228
-0.114163
-0.0442341
0.11573
-0.117081
0.355399
0.217045
0
0
0
0
0
0
0
0
0
0
0
0
