209
750.947
0
0
0
0
0
0
0
0
0
0
0
0
0
0
0
0
0
0
0
0
0
0
0
0
0
0
0
0
0
0
0
0
0
0.000401189
0.0569689
-0.165593
0.0741194
-0.0417955
-0.00292101
-0.0534193
-0.000130573
0
0
0
0.0400135
0.0286462
-0.0899794
0.0762664
0.0452139
-0.00119659
0.141793
0.0425106
0
0
0
-0.0411595
0.111653
0.0635653
0.0327755
-0.164448
0.0871676
-0.12956
-0.0121255
-0.0664178
-0.070291
0
-0.152267
-0.0161343
-0.164253
0.172199
-0.0545406
0.0779472
0.106039
0.0722362
-0.0207346
0
0
-0.0326042
-0.130107
0.167328
-0.0295497
-0.116461
0.0171916
-0.0420467
0.228562
-0.0463747
-0.00195724
0
0.130749
-0.00829206
0.0461369
0.0372991
0.104641
-0.119831
-0.00782613
-0.134716
-0.00254491
-0.0017807
0
0.00206495
-0.0957625
-0.0577023
-0.0246902
0.104268
-0.133407
0.111123
0.0403764
-0.000759868
-0.00121272
0
0.0312701
0.195646
0.0236702
-0.156838
-0.0082796
0.13189
-0.0619856
-0.0663876
-0.150964
-0.000598684
0
0.0146984
0.0431111
0.0199416
-0.0900582
-0.0124876
0.0483491
0.0823245
-0.0809138
-0.0227103
-6.14035e-05
0
0.010495
-0.037309
0.0900198
0.129139
-0.0162071
-0.0438908
-0.129897
-0.050911
-0.0344314
0
0
0.0519879
0.0362109
-0.109782
0.0958845
-0.0935902
0.106032
-0.0784362
0.176642
0.0869992
-0.0845595
0
-0.0313607
-0.0178744
-0.191627
0.0082555
-0.0459972
0.0533403
0.106686
0.0687927
0
0
0
-0.161047
0.267335
0.101763
-0.028278
-0.0264266
-0.0426532
-0.0422105
0
0
0
0
0.0911962
0.0751416
0.0638322
-0.0957663
-0.0811324
-0.042753
-0.0295759
-0.0293108
0
0
0
0.00388257
0.00440025
0.00440025
0.00440025
0.00440025
0.00440025
0.00440025
0.00440025
0.00440025
0.00388257
0
0
0
0
0
0
0
0
0
0
0
0
