209
-2.44329e-18
0
0
0
0
0
0
0
0
0
0
0
0
0
0
0
0
0
0
0
0
0
0
0
0
0
0
0
0
0
0
0
0
0
-0.0969067
-0.00779246
-0.00382088
0.00497239
0.0374342
-0.121839
0.00583128
0.252339
0
0
0
-0.000415524
0.00186613
0.00135118
0.0015243
-0.00347476
-0.00435753
-0.0025239
0.0207367
0
0
0
-0.00147693
0.00217531
-0.00233984
-9.40402e-05
-0.000488581
0.00196863
0.00337352
-0.00452677
0.00724588
-0.00675465
0
0.00188803
-0.00265323
-0.000944986
-0.000947906
0.000485849
0.00189454
0.00139465
-0.00267302
0.0221178
0
0
-6.71554e-05
0.00110643
-0.00448706
0.000605499
0.00150022
-0.003005
-0.000572617
0.00345833
-0.0324603
-0.0109182
0
-0.000599294
-0.00043131
0.00244709
-0.0014001
-0.00445579
-0.000475278
-0.0023616
-0.0025798
0.370363
-0.00179993
0
-0.00215906
-0.00122312
0.00438348
-0.00136649
-0.00230644
0.00272431
-5.26806e-05
-0.00119769
0.00315327
0.0210321
0
0.00447571
-0.000667396
-0.000743693
0.00194973
0.00112604
-0.00105116
0.00133448
-0.00462866
-0.000990198
-0.0852514
0
-0.00420326
0.000487597
-0.00523957
-0.0022091
0.00706406
0.00393821
0.00302662
0.00644074
0.00470515
0.350308
0
0.00162102
0.00145741
0.00173455
0.00122827
-0.00367941
-0.00452458
0.000702366
0.00245474
0.0027921
0
0
-0.001098
-0.00195252
-0.0013106
0.000715218
0.00424861
-0.00236069
0.000780013
0.00178541
0.00273643
-0.00496923
0
0.0047114
0.00491669
0.00959309
-0.00447796
-0.0184105
0.0066223
0.0140381
-0.00156857
0
0
0
-0.00304862
0.00330494
-0.00615056
0.0724315
0.000393835
-0.0110582
0.0136483
0
0
0
0
-0.0143998
0.00211999
0.00310088
-0.000240611
-0.0338119
0.018541
-0.0454696
-0.00404112
0
0
0
0.115267
-0.49807
0.26771
0.101362
-0.229747
-0.0714708
0.111396
0.102632
0.359138
-0.277277
0
0
0
0
0
0
0
0
0
0
0
0
