209
-7.15838e-16
0
0
0
0
0
0
0
0
0
0
0
0
0
0
0
0
0
0
0
0
0
0
0
0
0
0
0
0
0
0
0
0
0
0.135894
-0.00606711
-0.00296953
-0.0137793
-0.0304104
0.335432
0.00300048
-0.26576
0
0
0
-0.00456674
0.00329125
-0.000705872
-0.000523739
0.00938176
0.00423454
-0.00530892
0.00126352
0
0
0
0.000939032
0.0023548
0.00204321
0.00430707
0.00264437
-0.0107223
0.00210502
0.00022222
0.0108299
-0.0496568
0
-0.00412581
-0.00101983
0.000805359
-0.00596324
-0.00778208
0.00359814
0.0052425
-0.0117648
0.0148001
0
0
0.00116354
3.90125e-05
0.0120053
-0.00280676
0.00307201
0.000106016
-0.00526971
-1.07883e-05
-0.0211663
-0.0620842
0
0.0026843
-0.00389468
0.00575662
-0.00687367
0.000684317
-0.0111212
0.000414062
-0.00736807
-0.008664
0.0720032
0
-0.00209275
-0.00781213
0.00378578
0.00217004
-0.00400498
0.00267847
0.00527557
0.0108697
0.0849017
0.100476
0
-0.00122719
0.0112868
-0.0103201
0.00768937
-0.00484458
-0.000500259
-0.00384941
-0.00738057
0.0261319
-0.277577
0
0.0002676
0.00158633
-0.0152526
0.00268759
-0.00266147
0.00413676
-0.00101042
-0.00334792
0.00369317
-0.0321632
0
-0.0025802
0.0022437
-0.00204044
0.00253542
0.00880482
0.00598737
-0.000460578
0.00974147
-0.00368618
0
0
0.000296559
3.50189e-05
-0.00249646
-0.000843819
-0.000855025
0.000941482
-0.000187683
-0.00293139
0.00792553
0.0290945
0
-0.0026187
0.00326345
-0.00158022
-0.0114955
-0.00630403
0.00653909
0.0152487
-0.0078801
0
0
0
0.012664
-0.00178308
-0.00160593
0.0227945
-0.0215056
0.0278319
-0.0576889
0
0
0
0
-0.0283629
0.0388563
-0.0139448
-0.046742
0.0556024
-0.00517909
-0.0701694
0.120666
0
0
0
-0.319968
-0.171365
0.44529
-0.202905
0.0982468
-0.215285
-0.165106
-0.0763964
0.255428
0.356339
0
0
0
0
0
0
0
0
0
0
0
0
