209
1.02547e-17
0
0
0
0
0
0
0
0
0
0
0
0
0
0
0
0
0
0
0
0
0
0
0
0
0
0
0
0
0
0
0
0
0
-0.187333
-0.000499986
0.000690829
0.00252584
-0.0331273
0.168611
0.00174286
-0.250309
0
0
0
0.000834121
-0.00360335
0.00264219
-0.00427706
0.00852948
-0.001274
-0.00260598
0.00693109
0
0
0
-0.00288654
0.00428545
-9.77858e-05
-0.00144945
-6.44892e-05
-0.00356377
4.22432e-05
-0.00109553
0.00852022
-0.0228311
0
-0.00299121
-0.000111922
-0.00411714
0.00449566
-0.00960138
0.00128755
0.00715438
-0.00446172
0.0171674
0
0
0.00287105
0.00471738
0.00182806
-0.000377156
0.00193028
-0.000842933
-0.00594764
-0.00213505
0.0239105
-0.01159
0
-0.00231163
-0.00522442
0.00252903
-0.00548819
0.00152344
-0.0033888
0.00233687
-0.00280431
-0.119241
-0.00431104
0
-0.00289807
0.00165186
-0.00286035
0.00529922
-0.0024833
0.00201212
-0.000721492
-0.00270336
0.0249485
-0.0101358
0
0.00466432
-0.00440246
-0.000443291
-0.000132266
-9.59594e-05
0.00310655
-0.00245769
-0.00194989
-0.000141646
0.021016
0
-0.00209932
0.000501587
-0.00618182
0.000384742
-0.000935115
-0.000668768
-0.00313513
0.00276884
-0.0148625
-0.069579
0
-0.00221586
0.00172781
0.00223181
-0.000683805
0.00359945
0.00484776
0.00295838
0.00344829
-0.00181647
0
0
0.00437869
-0.00393955
0.00118703
0.00307235
-0.0024138
0.00121829
-0.00326687
0.00272314
0.00231676
0.0138943
0
-0.000749428
0.00201599
0.00168646
0.0023608
6.54057e-05
-0.00581862
0.00213061
-0.000371502
0
0
0
0.00391671
0.00458098
-0.00413266
-0.0307304
0.0148177
0.00927898
-0.0539091
0
0
0
0
-0.0376105
0.0300394
0.00401243
-0.0416162
0.0653522
-0.0102466
-0.0185098
0.0890855
0
0
0
0.211345
-0.271376
0.24825
0.250971
0.0680447
0.536123
-0.308292
-0.335995
-0.155479
-0.247891
0
0
0
0
0
0
0
0
0
0
0
0
