209
-1.67443e-13
0
0
0
0
0
0
0
0
0
0
0
0
0
0
0
0
0
0
0
0
0
0
0
0
0
0
0
0
0
0
0
0
0
0.0465643
-0.11716
0.0501896
-0.0005061
-0.107439
0.279081
0.0133229
0.0328554
0
0
0
0.0206163
-0.0264642
-0.00291861
0.00102318
-0.000628798
0.0487863
-0.0363504
-0.0537764
0
0
0
-0.019148
-0.0127834
0.0149752
0.0239274
-0.00834332
0.0172879
0.00134223
-0.00773681
0.0163243
0.154545
0
0.0233816
0.00587958
-0.00130068
-0.0211935
0.0217794
-0.00829995
-0.0159866
-0.00618802
-0.0625034
0
0
-0.0156026
0.0100032
-0.00590392
0.014602
-0.0177114
0.00711242
0.00291509
-0.00052776
-0.0649739
-0.290961
0
-0.00101672
0.00659193
-0.0197209
0.0231204
-0.0112189
-0.0151416
0.00956393
0.00582945
0.214075
0.0932065
0
0.0258731
-0.0110631
-0.000560772
-0.0233389
0.0120251
-0.00105841
-0.001877
-0.040112
0.316614
0.0726191
0
-0.0196105
0.0232266
-0.00614737
-0.028931
-0.00137821
0.0153443
0.00847529
0.0116731
-0.079723
0.251714
0
0.0227174
-0.00271979
0.0390592
-0.0173359
0.0792657
-0.0216007
-0.00294969
0.022657
0.101325
0.0669744
0
0.00742229
-0.00610257
-0.00578721
0.0353782
-0.0742972
0.00123419
-0.00511528
-0.0207779
-0.0829902
0
0
-0.0157698
0.0146239
0.00558783
-0.0275468
0.0175742
-0.0130532
0.0190245
-0.012259
0.0121158
-0.0407536
0
-0.0163828
-0.0214508
-0.0283374
-0.0588879
0.0173287
0.00103365
0.0644384
-0.0106074
0
0
0
-0.0112455
0.0469282
-0.0187801
0.150707
0.117965
0.125045
0.116744
0
0
0
0
0.270268
-0.114359
-0.197869
0.251485
-0.262335
0.0153743
-0.285423
0.0686167
0
0
0
-0.00837999
0.052987
-0.0177655
-0.0536659
0.174595
0.0265599
0.043575
-0.0293942
-0.0945457
-0.107612
0
0
0
0
0
0
0
0
0
0
0
0
