209
-6.49243e-13
0
0
0
0
0
0
0
0
0
0
0
0
0
0
0
0
0
0
0
0
0
0
0
0
0
0
0
0
0
0
0
0
0
0.00161702
-0.22802
0.116437
0.0184348
0.159816
-0.0148003
0.0689506
0.00456497
0
0
0
0.0164943
-0.0143224
-0.0171295
0.00259899
0.0063705
-0.0212809
-0.0372407
0.102272
0
0
0
-0.0406092
0.0306668
0.00429082
0.0111095
-0.0276053
-0.0115208
0.0276634
-0.035869
0.0123774
0.0731479
0
0.0539366
-0.0328348
-0.0322203
-0.0112938
-0.0273683
0.0475298
0.0241554
0.0164938
-0.0630219
0
0
-0.0101879
0.0880837
-0.051113
-0.00487251
-0.00751174
-0.0205216
-0.0183076
-0.0174743
0.0938308
-0.0918998
0
-0.0234366
-0.0539231
-0.0018736
0.0202308
-0.0336941
-0.0191363
0.00480359
0.0722086
-0.0170439
0.00807597
0
0.0240236
0.00711419
0.0137574
-0.00669271
-0.003811
0.00288998
-0.0372815
-0.0944293
0.00015576
0.0542781
0
0.0282343
-0.0335165
-0.00115751
-0.0226884
0.0282983
0.0294701
0.0822345
-0.0779063
-0.276931
0.0759869
0
0.00467536
-0.00993501
0.0132399
0.00202007
0.106006
0.0247725
0.0182849
0.144347
-0.00385939
-0.000615023
0
-0.0246827
0.0173868
0.0148324
0.0101278
-0.0679714
-0.0463348
-0.00455596
-0.00627338
-0.0498462
0
0
-0.00243671
0.00971977
-0.0263486
-0.00530207
0.0442912
-0.0341505
0.0334002
-0.0126589
0.00937893
-0.0604108
0
0.00256173
-0.0169677
0.078671
-0.222934
-0.106613
0.158539
0.21109
-0.0636672
0
0
0
-0.0297863
0.115821
-0.0831554
0.0228524
-0.321834
-0.212812
-0.454666
0
0
0
0
0.013418
-0.225299
0.107123
0.0559632
0.112537
0.0811674
0.155548
-0.00346649
0
0
0
-0.12354
0.011448
0.0539927
-0.0104286
0.0274887
0.03078
0.00180912
0.0830918
-0.0298709
-0.0672118
0
0
0
0
0
0
0
0
0
0
0
0
