209
1716.51
0
0
0
0
0
0
0
0
0
0
0
0
0
0
0
0
0
0
0
0
0
0
0
0
0
0
0
0
0
0
0
0
0
2.27106e-05
0.00322491
0.0806207
0.0449938
0.0345431
-0.00457668
-0.0910184
-0.00108597
0
0
0
-0.134701
-0.0311636
0.0282765
-0.0574154
-0.0633934
0.151648
0.0468157
-0.000702321
0
0
0
-0.137897
0.0756242
0.00479939
0.0259681
-0.0740472
-0.0238088
0.0150756
-0.0497116
-0.0677206
-0.156164
0
0.136987
0.174408
-0.174053
-0.0919259
0.0743505
0.0368885
0.0744913
0.0627425
-0.109639
0
0
0.0590718
0.0610459
0.00829236
0.142117
0.0256436
-0.0647764
0.00814801
0.068191
-0.101976
-0.0715625
0
0.0152282
0.0539507
-0.107955
0.0600497
-0.153993
0.0728614
-0.14456
-0.0725407
-0.00514536
-0.0651078
0
0.00876031
-0.0949996
-0.00951155
-0.0319346
0.145267
-0.0304511
0.148949
0.0674387
-0.0277831
-0.0443407
0
-0.0506715
-0.156891
0.226164
-0.168294
-0.085344
-0.0220429
0.136599
0.140171
-0.0113285
-0.0218897
0
-0.0512995
0.0385348
-0.012406
-0.0264486
0.141408
0.0507509
-0.232889
0.0826783
-0.0527321
-0.0022451
0
0.0111239
0.030434
-0.00257178
0.133572
0.139514
0.104406
-0.00153225
-0.194152
-0.0258479
0
0
0.0502661
-0.0461254
0.0486386
0.0882773
-0.194555
0.149454
0.056776
-0.0474704
-0.0392158
0.0557719
0
0.0564017
0.0396129
0.0298147
-0.172299
-0.154775
-0.11811
-0.132639
-0.0872311
0
0
0
0.123665
-0.0321643
0.108209
0.00582502
0.0141329
0.00343297
0.0111315
0
0
0
0
-0.0388022
-0.049663
-0.0657781
0.00517588
-0.00213443
0.0148644
0.0291351
0.0295128
0
0
0
0.0164623
0.0186573
0.0186573
0.0186573
0.0186573
0.0186573
0.0186573
0.0186573
0.0186573
0.0164623
0
0
0
0
0
0
0
0
0
0
0
0
