209
36.3484
0
0
0
0
0
0
0
0
0
0
0
0
0
0
0
0
0
0
0
0
0
0
0
0
0
0
0
0
0
0
0
0
0
-0.000321735
-0.0456864
0.115565
0.163362
-0.0188345
-0.000987215
-0.0237169
-0.00072594
0
0
0
-0.189623
0.133147
-0.039312
0.00820815
-0.0982862
0.143841
-0.0906915
-0.0525111
0
0
0
0.0324807
0.111225
0.00217503
0.0285472
-0.138546
0.0653731
-0.0428196
0.0144902
0.126994
-0.0709589
0
0.0275969
-0.180783
-0.0669061
0.0474825
0.0506879
0.175693
-0.0411008
0.181712
-0.0202081
0
0
-0.0521873
0.116716
-0.0763136
0.0374998
-0.0556457
0.0856089
-0.0780867
-0.0654808
-0.037999
-0.0094763
0
-0.0343887
-0.0524971
-0.0605557
-0.0994962
0.0452454
-0.0413684
0.0562343
0.075665
-0.00348696
-0.00862157
0
-0.0803543
-0.14666
0.149622
0.0138206
-0.0716911
-0.0463246
0.109503
-0.063661
-0.00367903
-0.00587159
0
0.181699
0.117416
0.0298876
-0.0868638
0.049609
-0.0205562
-0.244194
-0.0409773
0.113593
-0.00289863
0
-0.0426122
-0.129533
0.0209931
0.0536223
0.096138
-0.0565522
0.168208
0.16334
-0.0235077
-0.000297296
0
-0.144418
0.106232
-0.0948306
-0.020073
-0.159621
-0.100042
0.00350296
-0.177771
-0.0221574
0
0
-0.0631702
-0.0229481
-0.0793323
-0.000829249
0.118151
0.0201645
-0.057309
0.110062
0.0892852
-0.0595015
0
0.0977342
-0.129785
0.0847318
0.0129823
0.0212811
-0.0497221
-0.0229
-0.0312153
0
0
0
0.158557
-0.218963
0.147582
-0.0319785
-0.00610413
0.0215637
0.0542693
0
0
0
0
0.0456091
0.0666348
0.0904371
-0.000754965
-0.00163918
0.0506247
0.0276777
0.0271198
0
0
0
-0.00846584
-0.00959462
-0.00959462
-0.00959462
-0.00959462
-0.00959462
-0.00959462
-0.00959462
-0.00959462
-0.00846584
0
0
0
0
0
0
0
0
0
0
0
0
