209
1419.95
0
0
0
0
0
0
0
0
0
0
0
0
0
0
0
0
0
0
0
0
0
0
0
0
0
0
0
0
0
0
0
0
0
-0.000192268
-0.027302
-0.0205335
0.0860695
0.0223399
-0.00566601
-0.112285
-0.00129665
0
0
0
-0.0856685
0.0460959
-0.144612
0.140636
0.154716
-0.080475
-0.133334
0.00111867
0
0
0
0.0949099
0.0759869
-0.132272
-0.0173564
0.157007
-0.0955332
-0.0279553
0.055353
0.000343522
0.0484694
0
-0.151943
-0.0415929
0.0538673
0.0383222
-0.0169721
0.00775621
0.0392757
-0.0688039
0.0161781
0
0
0.0657833
-0.0183224
0.0445535
-0.00966741
-0.0267988
-0.0409652
0.0827575
0.0328777
0.013119
0.0825062
0
-0.154434
0.026478
-0.111044
0.212934
-0.0811919
0.00980591
-0.0535152
-0.0640979
1.17819e-05
0.0750645
0
0.0539985
-0.0651921
0.0682212
0.112291
-0.11745
-0.00425387
-0.0321652
0.0613821
0.0320318
0.0511215
0
0.112452
0.150617
-0.0939593
-0.00332846
0.0253254
-0.134629
-0.00812828
0.0237817
-0.0136511
0.0252372
0
0.0246949
-0.139122
-0.0172752
0.041508
0.198023
0.0993637
-0.141536
-0.055638
0.099509
0.00258843
0
0.0718724
0.195828
0.298895
-0.14727
-0.105549
0.137055
0.0811622
-0.112079
0.102687
0
0
-0.0374991
-0.111205
0.00561438
-0.0166693
-0.0155253
-0.062179
-0.0004615
0.0110503
-0.0470906
0.0923941
0
-0.0110184
-0.111137
0.0624704
-0.0875455
-0.130943
-0.0925466
-0.153691
-0.0775528
0
0
0
0.0739118
0.23249
-0.0643781
-0.0747341
-0.00398399
-0.00531233
0.00145996
0
0
0
0
0.082329
0.0691259
0.0520221
-0.105139
-0.10897
0.00479346
0.0205682
0.020969
0
0
0
0.00689354
0.00781268
0.00781268
0.00781268
0.00781268
0.00781268
0.00781268
0.00781268
0.00781268
0.00689354
0
0
0
0
0
0
0
0
0
0
0
0
