209
3.32818e-12
0
0
0
0
0
0
0
0
0
0
0
0
0
0
0
0
0
0
0
0
0
0
0
0
0
0
0
0
0
0
0
0
0
0.00567306
0.114727
-0.0453084
-0.0599638
-0.305137
-0.0279109
0.307266
0.00994621
0
0
0
0.0293685
-0.0327629
-0.00858862
-0.0525093
0.117092
0.0056684
-0.179618
0.152854
0
0
0
-0.016663
0.0580798
-0.00220863
0.000303654
-0.0712094
-0.135279
0.100273
-0.054774
0.0164283
0.0363422
0
-0.102251
0.0191977
-0.0857312
0.0295682
-0.154941
0.10742
0.0687088
0.071953
0.0601673
0
0
0.10817
0.109474
0.0594524
-0.0152177
0.0423762
-0.107241
-0.0868167
-0.0694386
-0.0568404
0.0310165
0
-0.0795162
-0.136555
0.0455654
-0.135799
0.0275652
-0.0417479
0.0720013
0.0248816
0.00387055
-0.0380309
0
-0.0294674
0.0710692
-0.0667832
0.107206
-0.063464
0.0338517
-0.0524127
-0.07391
0.0107713
0.0512069
0
0.0189077
-0.117265
-0.0399643
-0.0422265
0.00436195
0.105351
-0.00316714
0.0437823
-0.176887
-0.00647286
0
0.00930625
0.00568875
-0.110067
-0.0479081
-0.0136945
-0.00369724
-0.107012
-0.0418934
0.0278794
0.000138998
0
-0.040994
0.0431714
0.0216087
0.0677334
-0.0713607
0.0680409
0.00885146
-0.0323802
-0.224516
0
0
0.0420884
-0.0446997
-0.00952368
0.153265
-0.0599845
0.0839961
-0.0617931
0.13476
0.11192
0.295384
0
-0.018086
-0.0111289
0.0791454
0.0946233
0.144135
-0.161551
-0.0183493
-0.108571
0
0
0
0.0923734
0.0580163
-0.0299006
0.0197974
-0.0420769
-0.00600365
0.12351
0
0
0
0
-0.0439121
-0.0887244
0.082355
0.0502642
0.0363514
0.0798752
0.0378751
-0.0258067
0
0
0
-0.0374918
0.0230119
-0.00762728
-0.00284088
0.0122858
0.0055884
0.00371439
-0.00550633
0.0323353
-0.0315977
0
0
0
0
0
0
0
0
0
0
0
0
