209
-846.706
128.721
1265.04
81.4909
-83.3291
203.028
-560.464
-560.356
169.537
138.943
-640.595
56.099
128.776
-237.742
-460.827
-46.2052
69.8845
155.484
275.208
239.6
156.05
42.8871
308.547
87.5259
2.18855
51.4091
-188.027
593.474
-366.451
-157.833
-728.962
-135.297
-342.342
-150.376
57.8676
176.759
31.121
-123.896
-320.4
-23.3354
-506.063
150.009
-399.366
231.763
375.206
399.467
11.555
336.6
-89.3788
-32.8611
-130.524
206.531
82.4411
-290.035
-39.5108
-251.217
17.0355
-81.3872
-302.296
139.752
89.1555
-7.23654
-116.059
-0.942652
185.345
-63.1008
-224.07
57.221
93.5776
-164.986
-14.3625
-249.386
-99.7425
230.515
-110.777
-132.097
112.383
203.849
20.8336
-285.173
-35.6389
121.71
62.9276
-95.532
-270.905
80.8903
-124.598
22.3599
48.0785
121.648
16.4138
57.9477
24.8216
107.908
-2.49595
42.1192
1.66651
80.6424
-159.357
12.2982
41.343
59.202
34.247
38.1157
133.466
-193.978
-69.9582
41.7136
-102.35
18.3052
-99.2968
97.8088
-168.094
-38.0282
79.1123
-77.9385
-59.4412
-3.66797
34.5456
263.586
-113.145
-3.64097
176.866
-357.133
-3.27637
-191.468
16.813
93.9975
6.68517
32.9828
-109.847
-1.25763
-201.631
-111.187
182.412
-144.877
168.952
255
255
255
255
255
255
255
255
255
255
255
255
255
255
255
255
255
255
255
255
255
255
255
255
255
255
255
255
255
255
255
255
255
255
255
255
255
255
255
255
255
255
255
255
255
255
255
255
255
255
255
255
255
255
255
255
255
255
255
255
255
255
255
255
255
255
255
255
255
255
255
