209
-942.902
214.349
1008.08
116.773
-59.2904
316.934
-503.787
-659.283
-77.9076
-10.7189
-666.667
119.534
-60.5409
-535.245
-404.869
-59.7765
63.989
26.4896
423.668
217.868
187.764
-60.9214
217.885
17.6177
223.413
64.9652
-129.674
636.363
-290.284
-218.307
-821.669
-160.981
-283.399
-197.816
94.4649
195.519
77.4839
-344.906
-435.072
14.5486
-352.863
58.6295
-339.214
129.343
316.795
396.88
52.8604
232.729
-132.416
83.7699
-35.9836
188.659
126.739
-297.957
-21.4861
-156.482
62.4478
-129.183
-310.835
222.426
55.2771
22.1367
-138.355
4.3156
215.332
-5.74763
-155.734
71.8554
166.543
-118.063
4.49458
-261.286
-88.7082
234.034
-76.8107
-117.296
82.6644
181.937
37.6923
-285.002
-14.8842
114.478
49.8338
-125.493
-279.505
76.7427
-128.647
27.8096
35.2767
115.811
20.0198
56.7133
18.6846
107.863
-2.49595
42.1192
1.66651
80.6424
-159.357
12.2982
41.343
59.202
34.247
38.1157
133.466
-193.978
-69.9582
41.7136
-102.35
18.3052
-99.2968
97.8088
-168.094
-38.0282
79.1123
-77.9385
-59.4412
-3.66797
34.5456
263.586
-113.145
-3.64097
176.866
-357.133
-3.27637
-191.468
16.813
93.9975
6.68517
32.9828
-109.847
-1.25763
-201.631
-111.187
182.412
-144.877
168.952
255
255
255
255
255
255
255
255
255
255
255
255
255
255
255
255
255
255
255
255
255
255
255
255
255
255
255
255
255
255
255
255
255
255
255
255
255
255
255
255
255
255
255
255
255
255
255
255
255
255
255
255
255
255
255
255
255
255
255
255
255
255
255
255
255
255
255
255
255
255
255
