209
-688.221
429.747
579.888
-255.277
-319.362
360.826
-789.405
-307.046
62.0342
22.4299
-674.193
-81.1024
-9.3424
-453.185
-574.763
-164.431
15.4927
372.867
216.735
81.7537
236.455
29.5796
379.549
2.8795
14.094
131.97
-131.475
544.772
-337.555
-196.386
-868.999
-276.715
-358.306
-157.391
59.2571
186.435
66.4347
-113.104
-375.799
14.0708
-402.39
84.6641
-365.053
95.69
269.109
466.87
160.554
314.244
-254.44
8.16229
-132.916
139.759
115.181
-253.687
1.9423
-108.871
-26.8908
-62.4689
-294.496
180.326
33.7336
9.92283
-103.365
61.107
190.763
-84.5139
-236.76
87.3552
99.1246
-138.604
-13.5062
-276.272
-99.827
246.169
-61.338
-112.087
94.1281
198.144
40.6024
-272.116
-21.1643
137.153
62.0641
-139.957
-272.704
72.7044
-132.63
33.4753
37.0722
121.966
12.1819
56.3727
24.9886
106.938
-2.49595
42.1192
1.66651
80.6424
-159.357
12.2982
41.343
59.202
34.247
38.1157
133.466
-193.978
-69.9582
41.7136
-102.35
18.3052
-99.2968
97.8088
-168.094
-38.0282
79.1123
-77.9385
-59.4412
-3.66797
34.5456
263.586
-113.145
-3.64097
176.866
-357.133
-3.27637
-191.468
16.813
93.9975
6.68517
32.9828
-109.847
-1.25763
-201.631
-111.187
182.412
-144.877
168.952
255
255
255
255
255
255
255
255
255
255
255
255
255
255
255
255
255
255
255
255
255
255
255
255
255
255
255
255
255
255
255
255
255
255
255
255
255
255
255
255
255
255
255
255
255
255
255
255
255
255
255
255
255
255
255
255
255
255
255
255
255
255
255
255
255
255
255
255
255
255
255
