209
-925.884
180.716
1134.47
-10.778
-11.3965
493.1
-367.463
-743.885
29.0253
-201.278
-654.024
-191.366
-95.5898
-236.731
-276.118
19.3005
288.298
155.816
325.27
100.537
89.748
-0.748722
528.995
195.784
144.596
26.3204
-122.816
571.472
-457.928
-141.087
-870.263
-267.165
-339.203
-96.5701
75.2402
113.602
30.204
-151.662
-480.347
25.5439
-522.124
36.2893
-347.234
151.201
349.673
424.16
54.8743
297.957
-172.477
-2.43874
-96.175
181.33
79.4021
-257.83
22.8129
-123.75
-9.03959
-117.238
-296.49
195.281
-1.2824
24.3209
-142.481
34.7002
225.51
-56.5863
-194.048
59.9785
76.8464
-146.232
-2.93669
-239.934
-109.394
241.587
-62.6386
-115.771
106.758
236.868
27.1744
-280.094
-46.7726
115.756
73.6996
-116.559
-274.836
52.74
-135.001
22.1028
31.5506
119.46
25.4616
61.4546
11.9825
105.512
-2.49595
42.1192
1.66651
80.6424
-159.357
12.2982
41.343
59.202
34.247
38.1157
133.466
-193.978
-69.9582
41.7136
-102.35
18.3052
-99.2968
97.8088
-168.094
-38.0282
79.1123
-77.9385
-59.4412
-3.66797
34.5456
263.586
-113.145
-3.64097
176.866
-357.133
-3.27637
-191.468
16.813
93.9975
6.68517
32.9828
-109.847
-1.25763
-201.631
-111.187
182.412
-144.877
168.952
255
255
255
255
255
255
255
255
255
255
255
255
255
255
255
255
255
255
255
255
255
255
255
255
255
255
255
255
255
255
255
255
255
255
255
255
255
255
255
255
255
255
255
255
255
255
255
255
255
255
255
255
255
255
255
255
255
255
255
255
255
255
255
255
255
255
255
255
255
255
255
