209
-882.59
479.428
755.578
-223.956
-386.619
59.8044
-348.38
-509.042
-91.7207
-164.084
-479.909
-216.454
-38.4684
-172.733
-315.815
-147.012
215.136
240.214
333.959
288.114
157.615
75.5317
390.306
124.389
60.3723
92.214
-152.428
486.527
-291.858
-48.3133
-855.535
-315.771
-410.445
-155.632
67.2625
163.976
35.9193
-290.749
-282.484
12.4696
-437.967
61.1882
-437.315
100.038
316.712
489.503
116.352
376.121
-31.0616
46.9986
-89.824
154.126
120.53
-242.997
-28.2699
-188.401
-20.8692
-111.691
-352.279
211.169
-36.1012
-18.5298
-80.9581
4.49844
196.912
-61.2477
-189.261
22.8941
109.54
-157.762
-64.0516
-286.56
-95.1813
225.385
-125.241
-138.426
101.389
199.271
54.3886
-288.533
-8.19299
119.469
44.8712
-119.793
-279.801
74.7891
-137.901
27.5319
33.1437
121.912
22.3281
57.1342
16.1483
105.737
-2.49595
42.1192
1.66651
80.6424
-159.357
12.2982
41.343
59.202
34.247
38.1157
133.466
-193.978
-69.9582
41.7136
-102.35
18.3052
-99.2968
97.8088
-168.094
-38.0282
79.1123
-77.9385
-59.4412
-3.66797
34.5456
263.586
-113.145
-3.64097
176.866
-357.133
-3.27637
-191.468
16.813
93.9975
6.68517
32.9828
-109.847
-1.25763
-201.631
-111.187
182.412
-144.877
168.952
255
255
255
255
255
255
255
255
255
255
255
255
255
255
255
255
255
255
255
255
255
255
255
255
255
255
255
255
255
255
255
255
255
255
255
255
255
255
255
255
255
255
255
255
255
255
255
255
255
255
255
255
255
255
255
255
255
255
255
255
255
255
255
255
255
255
255
255
255
255
255
