209
-884.418
401.81
497.868
-370.734
-194.394
-94.2524
-454.649
-438.018
-59.3455
-198.16
-658.232
-63.3467
194.066
-310.98
-421.18
-102.309
116.062
189.89
413.678
369.857
98.8164
-78.7949
425.391
-82.966
52.4327
1.29004
-103.688
548.017
-418.448
-144.755
-757.17
-171.118
-280.714
-169.26
52.0501
210.609
35.0561
-172.104
-421.209
-41.7238
-442.044
18.491
-336.513
302.463
288.663
411.121
141.608
342.261
-205.708
33.742
-18.8825
211.93
55.7253
-289.385
7.64424
-232.656
-10.4832
-60.3841
-311.9
161.807
15.1864
44.0024
-129.481
-36.0259
217.811
-66.9939
-174.848
70.789
85.8658
-83.8351
8.90833
-283.875
-80.3825
202.347
-96.6958
-148.82
73.8355
225.295
44.2864
-288.639
-12.3515
131.394
77.6263
-119.94
-267.701
71.2448
-148.095
21.5784
31.9165
122.419
14.1128
59.2359
16.9037
106.728
-2.49595
42.1192
1.66651
80.6424
-159.357
12.2982
41.343
59.202
34.247
38.1157
133.466
-193.978
-69.9582
41.7136
-102.35
18.3052
-99.2968
97.8088
-168.094
-38.0282
79.1123
-77.9385
-59.4412
-3.66797
34.5456
263.586
-113.145
-3.64097
176.866
-357.133
-3.27637
-191.468
16.813
93.9975
6.68517
32.9828
-109.847
-1.25763
-201.631
-111.187
182.412
-144.877
168.952
255
255
255
255
255
255
255
255
255
255
255
255
255
255
255
255
255
255
255
255
255
255
255
255
255
255
255
255
255
255
255
255
255
255
255
255
255
255
255
255
255
255
255
255
255
255
255
255
255
255
255
255
255
255
255
255
255
255
255
255
255
255
255
255
255
255
255
255
255
255
255
