209
-391.802
59.3008
768.904
-63.3803
-22.1802
169.97
-813.686
-379.84
66.6774
-287.375
-766.594
52.6507
-173.192
-305.288
-312.898
18.2062
107.483
170.12
389.768
191.606
102.654
104.661
375.989
195.351
26.9578
-100.755
-478.022
290.35
-232.102
-328.627
-828.509
-146.698
-248.252
-300.949
131.065
93.0981
-67.1814
-304.543
-415.234
-40.3007
-445.236
-13.401
-298.436
162.583
361.832
460.636
61.6243
304.656
-154.46
-26.6379
-54.0406
152.125
56.7053
-255.709
-48.2632
-185.715
-34.7213
-91.4015
-348.355
155.996
22.2959
6.69476
-86.218
9.38239
205.245
-52.0136
-220.401
83.8187
73.6107
-116.706
-25.8699
-258.029
-82.9848
222.138
-71.4108
-115.797
98.2476
210.265
51.4949
-300.252
-21.2311
117.868
55.9647
-113.75
-278.971
72.1838
-133.191
32.931
33.8023
117.292
16.092
57.3638
19.2059
107.748
-2.49595
42.1192
1.66651
80.6424
-159.357
12.2982
41.343
59.202
34.247
38.1157
133.466
-193.978
-69.9582
41.7136
-102.35
18.3052
-99.2968
97.8088
-168.094
-38.0282
79.1123
-77.9385
-59.4412
-3.66797
34.5456
263.586
-113.145
-3.64097
176.866
-357.133
-3.27637
-191.468
16.813
93.9975
6.68517
32.9828
-109.847
-1.25763
-201.631
-111.187
182.412
-144.877
168.952
255
255
255
255
255
255
255
255
255
255
255
255
255
255
255
255
255
255
255
255
255
255
255
255
255
255
255
255
255
255
255
255
255
255
255
255
255
255
255
255
255
255
255
255
255
255
255
255
255
255
255
255
255
255
255
255
255
255
255
255
255
255
255
255
255
255
255
255
255
255
255
