209
-811.41
33.0106
1259.76
-68.0508
-8.36347
200.272
-631.434
-584.013
-44.768
0.389039
-714.953
-94.6995
130.296
-395.785
-474.245
-55.4402
1.37613
131.302
285.038
284.17
151.362
102.449
451.478
50.1167
-38.4174
91.35
-164.473
671.792
-336.852
-284.675
-748.343
-89.007
-256.932
-245.517
112.534
192.6
-98.4077
-135.411
-277.179
61.9297
-447.704
30.7985
-305.806
184.414
311.884
362.608
174.196
355.993
-183.871
46.8742
-93.6562
165.546
90.4531
-188.102
60.881
-183.212
-49.8136
-174.922
-406.685
226.3
1.36076
26.7717
-92.2268
-22.3458
195.602
-38.462
-153.872
81.2619
87.2468
-161.049
-29.8286
-257.99
-97.5427
228.902
-69.3778
-131.86
106.238
208.231
28.2014
-277.659
-23.4496
130.48
52.4083
-116.961
-264.89
71.8718
-148.897
38.7283
37.9935
116.114
27.833
53.9806
20.0437
108.745
-2.49595
42.1192
1.66651
80.6424
-159.357
12.2982
41.343
59.202
34.247
38.1157
133.466
-193.978
-69.9582
41.7136
-102.35
18.3052
-99.2968
97.8088
-168.094
-38.0282
79.1123
-77.9385
-59.4412
-3.66797
34.5456
263.586
-113.145
-3.64097
176.866
-357.133
-3.27637
-191.468
16.813
93.9975
6.68517
32.9828
-109.847
-1.25763
-201.631
-111.187
182.412
-144.877
168.952
255
255
255
255
255
255
255
255
255
255
255
255
255
255
255
255
255
255
255
255
255
255
255
255
255
255
255
255
255
255
255
255
255
255
255
255
255
255
255
255
255
255
255
255
255
255
255
255
255
255
255
255
255
255
255
255
255
255
255
255
255
255
255
255
255
255
255
255
255
255
255
