209
-840.847
12.0368
1007.49
106.648
-23.2273
416.865
-400.846
-572.576
-62.3532
-155.024
-682.47
54.5785
66.0835
-329.104
-473.522
-170.993
240.783
215.584
532.379
36.8576
80.4246
-138.976
313.041
-170.435
-169.915
74.1658
-112.263
515.295
-425.232
-302.2
-747.266
-225.188
-393.804
-74.9356
107.074
185.317
42.4859
-264.569
-331.249
87.9584
-516.763
16.0439
-277.573
177.61
262.102
436.523
91.4713
412.521
-111.423
60.7016
-147.277
110.843
33.9831
-242.647
-27.9297
-214.849
-55.2883
-138.931
-294.86
100.91
32.3338
17.2711
-119.509
37.2568
190.153
-48.7306
-191.008
134.931
99.9743
-132.718
-25.7327
-277.225
-81.9488
214.842
-84.0923
-121.224
100.971
188.084
47.5628
-293.446
-19.8574
125.61
49.7916
-121.855
-281.616
66.871
-126.409
24.2288
35.0998
114.905
21.5626
57.1284
13.7168
107.074
-2.49595
42.1192
1.66651
80.6424
-159.357
12.2982
41.343
59.202
34.247
38.1157
133.466
-193.978
-69.9582
41.7136
-102.35
18.3052
-99.2968
97.8088
-168.094
-38.0282
79.1123
-77.9385
-59.4412
-3.66797
34.5456
263.586
-113.145
-3.64097
176.866
-357.133
-3.27637
-191.468
16.813
93.9975
6.68517
32.9828
-109.847
-1.25763
-201.631
-111.187
182.412
-144.877
168.952
255
255
255
255
255
255
255
255
255
255
255
255
255
255
255
255
255
255
255
255
255
255
255
255
255
255
255
255
255
255
255
255
255
255
255
255
255
255
255
255
255
255
255
255
255
255
255
255
255
255
255
255
255
255
255
255
255
255
255
255
255
255
255
255
255
255
255
255
255
255
255
