209
-693.36
300.99
467.516
-290.659
-266.456
510.409
-584.271
-335.616
216.778
-131.668
-718.948
7.22564
-64.1457
-468.286
-452.675
-100.56
-68.5735
195.085
310.65
196.403
118.039
124.598
449.298
33.3119
84.0489
116.793
-120.192
633.921
-311.619
-259.041
-796.06
-198.234
-258.535
-151.134
45.4436
109.894
68.4459
-130.644
-453.845
-41.443
-556.56
-17.0337
-456.937
167.329
315.967
476.396
59.6917
281.114
-107.576
80.7029
-70.0537
173.914
29.2481
-237.383
5.44174
-242.292
-13.3219
-152.61
-271.463
113.313
-34.2359
-37.151
-85.9004
-11.5992
193.365
-8.27382
-180.893
43.836
131.752
-174.287
10.729
-279.2
-90.6713
213.662
-56.2207
-140.482
119.427
205.371
44.9505
-298.754
-6.29213
136.137
63.8427
-107.315
-278.052
54.8574
-130.476
38.1747
38.4935
115.538
17.8112
54.7103
16.7165
108.969
-2.49595
42.1192
1.66651
80.6424
-159.357
12.2982
41.343
59.202
34.247
38.1157
133.466
-193.978
-69.9582
41.7136
-102.35
18.3052
-99.2968
97.8088
-168.094
-38.0282
79.1123
-77.9385
-59.4412
-3.66797
34.5456
263.586
-113.145
-3.64097
176.866
-357.133
-3.27637
-191.468
16.813
93.9975
6.68517
32.9828
-109.847
-1.25763
-201.631
-111.187
182.412
-144.877
168.952
255
255
255
255
255
255
255
255
255
255
255
255
255
255
255
255
255
255
255
255
255
255
255
255
255
255
255
255
255
255
255
255
255
255
255
255
255
255
255
255
255
255
255
255
255
255
255
255
255
255
255
255
255
255
255
255
255
255
255
255
255
255
255
255
255
255
255
255
255
255
255
