209
-811.774
497.344
815.776
164.446
83.7552
252.339
-409.391
-723.667
33.6867
-62.7835
-592.584
-27.3068
-29.8153
-324.398
-377.609
-422.117
238.48
262.259
460.48
480.415
202.272
52.0867
331.759
208.149
180.295
-76.7979
-183.413
612.537
-114.422
-296.261
-815.071
-226.99
-212.609
-41.2345
107.603
284.8
49.2546
-189.501
-363.554
58.5064
-469.302
-6.14504
-366.28
129.676
339.35
372.41
145.823
318.556
-224.608
27.4003
-162.203
115.643
88.6112
-230.027
10.9896
-224.106
-7.39434
-86.0658
-295.598
163.423
11.0376
-4.24226
-126.196
26.893
115.288
-47.5762
-199.227
60.655
75.9776
-135.026
6.72321
-239.677
-119.442
205.022
-78.2753
-124.653
106.493
211.429
53.6108
-280.182
-7.45492
134.041
60.5137
-110.726
-273.336
79.7446
-130.377
26.6889
34.6917
114.88
17.5963
59.3221
15.0914
108.215
-2.49595
42.1192
1.66651
80.6424
-159.357
12.2982
41.343
59.202
34.247
38.1157
133.466
-193.978
-69.9582
41.7136
-102.35
18.3052
-99.2968
97.8088
-168.094
-38.0282
79.1123
-77.9385
-59.4412
-3.66797
34.5456
263.586
-113.145
-3.64097
176.866
-357.133
-3.27637
-191.468
16.813
93.9975
6.68517
32.9828
-109.847
-1.25763
-201.631
-111.187
182.412
-144.877
168.952
255
255
255
255
255
255
255
255
255
255
255
255
255
255
255
255
255
255
255
255
255
255
255
255
255
255
255
255
255
255
255
255
255
255
255
255
255
255
255
255
255
255
255
255
255
255
255
255
255
255
255
255
255
255
255
255
255
255
255
255
255
255
255
255
255
255
255
255
255
255
255
