209
-1029.89
437.058
1002.79
-52.2767
-114.058
326.58
-576.578
-519.609
14.1294
-134.525
-412.144
90.5024
-32.4218
-251.974
-432.866
-429.23
186.041
424.791
236.79
378.392
72.9381
66.8326
399.713
-79.4961
-60.1139
2.97719
-285.582
551.299
-382.933
-130.204
-830.005
-146.282
-189.116
-214.053
63.9461
70.8951
3.76273
-100.755
-389.154
28.7007
-483.763
208.021
-328.82
99.3944
346.219
386.133
45.605
363.125
-183.223
-43.8778
-37.9069
128.223
-6.96228
-300.102
-37.7063
-140.799
13.9859
-186.609
-341.173
173.801
-9.36848
17.1305
-115.731
-9.43158
206.975
-40.4651
-213.722
69.7644
133.264
-142.023
11.2122
-260.768
-97.9703
233.63
-78.9717
-138.626
115.797
180.124
42.5126
-288.719
-6.61061
121.699
69.8885
-127.002
-274.624
80.4134
-136.604
23.6501
28.4178
116.627
19.9031
60.0233
14.0565
109.101
-2.49595
42.1192
1.66651
80.6424
-159.357
12.2982
41.343
59.202
34.247
38.1157
133.466
-193.978
-69.9582
41.7136
-102.35
18.3052
-99.2968
97.8088
-168.094
-38.0282
79.1123
-77.9385
-59.4412
-3.66797
34.5456
263.586
-113.145
-3.64097
176.866
-357.133
-3.27637
-191.468
16.813
93.9975
6.68517
32.9828
-109.847
-1.25763
-201.631
-111.187
182.412
-144.877
168.952
255
255
255
255
255
255
255
255
255
255
255
255
255
255
255
255
255
255
255
255
255
255
255
255
255
255
255
255
255
255
255
255
255
255
255
255
255
255
255
255
255
255
255
255
255
255
255
255
255
255
255
255
255
255
255
255
255
255
255
255
255
255
255
255
255
255
255
255
255
255
255
