209
-826.662
215.072
380.534
-478.946
-175.143
443.272
-308.328
-461.393
-173.21
206.885
-78.5774
89.8179
-199.148
-380.939
-543.659
-112.644
98.345
-230.439
426.096
218.73
130.317
74.3168
378.726
143.195
52.4836
22.2212
-164.839
416.077
-450.442
-251.871
-762.635
-202.798
-274.727
-66.3365
208.783
135.886
-64.2268
-23.008
-311.006
9.86375
-437.206
-57.1398
-362.396
104.191
332.751
395.051
75.269
387.842
-178.712
14.3035
-71.187
183.125
33.4452
-284.541
10.6154
-210.585
29.2102
-143.166
-316.339
196.585
32.1905
6.01966
-123.919
26.822
191.134
-80.5748
-196.833
61.6665
97.17
-141.188
-11.5344
-270.386
-84.1937
227.17
-68.0559
-137.217
94.0458
203.556
43.7436
-294.632
-23.5338
125.127
49.3742
-124.414
-276.936
80.9219
-128.652
25.8704
36.9035
117.396
18.9149
58.0817
17.4726
107.403
-2.49595
42.1192
1.66651
80.6424
-159.357
12.2982
41.343
59.202
34.247
38.1157
133.466
-193.978
-69.9582
41.7136
-102.35
18.3052
-99.2968
97.8088
-168.094
-38.0282
79.1123
-77.9385
-59.4412
-3.66797
34.5456
263.586
-113.145
-3.64097
176.866
-357.133
-3.27637
-191.468
16.813
93.9975
6.68517
32.9828
-109.847
-1.25763
-201.631
-111.187
182.412
-144.877
168.952
255
255
255
255
255
255
255
255
255
255
255
255
255
255
255
255
255
255
255
255
255
255
255
255
255
255
255
255
255
255
255
255
255
255
255
255
255
255
255
255
255
255
255
255
255
255
255
255
255
255
255
255
255
255
255
255
255
255
255
255
255
255
255
255
255
255
255
255
255
255
255
