209
-12.8572
527.454
928.876
-41.3151
19.2177
207.641
-529.819
-817.188
164.813
-61.1277
-608.662
-177.406
-131.495
-320.931
-658.442
5.23271
123.93
168.917
191.088
328.563
3.39493
-7.42493
411.172
-8.25592
129.487
24.1163
-92.8383
555.33
-365.166
-238.042
-743.318
-257.059
-206.135
-255.363
120.144
170.819
-16.963
-134.66
-369.675
84.034
-473.838
60.0036
-409.247
171.973
314.383
405.589
113.051
360.459
-52.2982
22.0617
-32.3593
180.121
53.3983
-259.245
-4.75855
-179.89
19.6316
-72.6899
-316.784
165.654
25.9421
23.0842
-110.476
-8.18856
189.074
-66.326
-201.814
80.2558
71.0711
-137.901
-29.794
-232.247
-111.529
236.578
-79.5093
-96.36
89.547
188.909
33.5903
-295.378
-9.57788
136.717
57.3986
-130.602
-275.136
71.0214
-123.121
27.0242
33.4438
122.382
12.7641
42.9097
9.13504
109.223
-2.49595
42.1192
1.66651
80.6424
-159.357
12.2982
41.343
59.202
34.247
38.1157
133.466
-193.978
-69.9582
41.7136
-102.35
18.3052
-99.2968
97.8088
-168.094
-38.0282
79.1123
-77.9385
-59.4412
-3.66797
34.5456
263.586
-113.145
-3.64097
176.866
-357.133
-3.27637
-191.468
16.813
93.9975
6.68517
32.9828
-109.847
-1.25763
-201.631
-111.187
182.412
-144.877
168.952
255
255
255
255
255
255
255
255
255
255
255
255
255
255
255
255
255
255
255
255
255
255
255
255
255
255
255
255
255
255
255
255
255
255
255
255
255
255
255
255
255
255
255
255
255
255
255
255
255
255
255
255
255
255
255
255
255
255
255
255
255
255
255
255
255
255
255
255
255
255
255
