209
-553.379
131.266
783.614
269.784
51.907
217.962
-382.799
-710.366
-458.411
155.051
-702.709
182.964
-227.673
-272.902
-204.39
-328.547
-224.534
125.436
164.528
308.37
78.8812
-26.8281
394.79
95.92
9.05899
-37.5679
-14.9147
497.722
-482.72
-265.317
-742.796
-200.064
-379.024
-260.234
-50.0114
147.828
-12.3455
-203.37
-387.425
-90.144
-447.503
68.911
-348.635
169.167
259.817
414.199
106.988
258.781
-120.451
57.4945
-130.678
163.919
19.5581
-310.072
-41.0704
-145.439
0.690333
-101.278
-343.962
121.75
-22.2892
14.7707
-91.4654
24.8673
158.833
-97.91
-163.062
49.4892
79.9644
-160.691
-25.642
-250.659
-99.5924
219.931
-71.2706
-123.093
95.8846
219.336
44.8593
-291.219
-12.8587
126.374
61.8622
-127.302
-272.926
76.2608
-131.826
27.7797
33.3728
114.085
19.7279
57.6337
18.3627
107.669
-2.49595
42.1192
1.66651
80.6424
-159.357
12.2982
41.343
59.202
34.247
38.1157
133.466
-193.978
-69.9582
41.7136
-102.35
18.3052
-99.2968
97.8088
-168.094
-38.0282
79.1123
-77.9385
-59.4412
-3.66797
34.5456
263.586
-113.145
-3.64097
176.866
-357.133
-3.27637
-191.468
16.813
93.9975
6.68517
32.9828
-109.847
-1.25763
-201.631
-111.187
182.412
-144.877
168.952
255
255
255
255
255
255
255
255
255
255
255
255
255
255
255
255
255
255
255
255
255
255
255
255
255
255
255
255
255
255
255
255
255
255
255
255
255
255
255
255
255
255
255
255
255
255
255
255
255
255
255
255
255
255
255
255
255
255
255
255
255
255
255
255
255
255
255
255
255
255
255
