209
-508.98
300.45
779.635
453.963
93.2074
131.563
-852.545
-329.937
93.0797
306.994
-833.657
-39.239
171.797
-148.202
-272.293
-255.194
100.198
199.32
233.322
167.414
62.4382
80.4883
420.668
155.544
-23.8918
35.7545
-242.366
472.884
-468.111
-83.8864
-765.613
-246.282
-292.945
-82.9669
265.61
201.435
75.4321
-140.42
-443.349
85.8449
-533.818
-21.573
-336.625
194.696
372.482
438.346
157.718
392.294
-134.856
123.609
-50.348
142.666
70.4074
-277.829
-23.2619
-210.231
16.8624
-130.834
-330.025
168.694
22.8776
-2.68283
-104.153
-18.4343
175.965
-29.4924
-184.917
24.2753
119.273
-126.654
-22.8386
-249.852
-92.9782
259.409
-65.0409
-124.856
71.4753
203.322
51.1482
-291.459
-14.821
125.69
64.8292
-136.164
-265.649
71.0598
-124.455
27.3958
36.8128
115.677
19.777
60.1378
18.2682
107.648
-2.49595
42.1192
1.66651
80.6424
-159.357
12.2982
41.343
59.202
34.247
38.1157
133.466
-193.978
-69.9582
41.7136
-102.35
18.3052
-99.2968
97.8088
-168.094
-38.0282
79.1123
-77.9385
-59.4412
-3.66797
34.5456
263.586
-113.145
-3.64097
176.866
-357.133
-3.27637
-191.468
16.813
93.9975
6.68517
32.9828
-109.847
-1.25763
-201.631
-111.187
182.412
-144.877
168.952
255
255
255
255
255
255
255
255
255
255
255
255
255
255
255
255
255
255
255
255
255
255
255
255
255
255
255
255
255
255
255
255
255
255
255
255
255
255
255
255
255
255
255
255
255
255
255
255
255
255
255
255
255
255
255
255
255
255
255
255
255
255
255
255
255
255
255
255
255
255
255
