209
-8.43638
150.197
1162.02
68.5248
108.677
273.927
-322.683
-17.1549
-250.124
-213.771
-531.931
-15.6092
181.503
-325.726
-407.99
-71.1937
117.654
267.822
348.906
318.004
83.7108
41.6715
460.894
-100.695
30.3957
101.451
-178.662
454.878
-316
-221.673
-883.22
-259.796
-314.53
-171.478
176.402
113.189
-18.8375
-83.8221
-425.956
40.5021
-486.047
93.1925
-397.737
162.962
308.248
381.469
26.0488
331.545
-183.602
51.6681
-108.079
221.45
75.208
-256.104
12.5532
-185.398
36.4506
-46.0814
-292.766
201.777
-35.5651
-75.0309
-98.2771
-1.39017
149.168
-76.6869
-131.628
106.057
116.875
-114.063
-19.9788
-219.173
-95.7742
230.589
-83.9232
-121.367
103.889
214.997
35.9095
-295.083
-11.2144
122.475
52.7895
-122.52
-292.7
74.891
-132.963
27.6836
36.7298
114.637
22.3142
58.2281
20.4704
107.329
-2.49595
42.1192
1.66651
80.6424
-159.357
12.2982
41.343
59.202
34.247
38.1157
133.466
-193.978
-69.9582
41.7136
-102.35
18.3052
-99.2968
97.8088
-168.094
-38.0282
79.1123
-77.9385
-59.4412
-3.66797
34.5456
263.586
-113.145
-3.64097
176.866
-357.133
-3.27637
-191.468
16.813
93.9975
6.68517
32.9828
-109.847
-1.25763
-201.631
-111.187
182.412
-144.877
168.952
255
255
255
255
255
255
255
255
255
255
255
255
255
255
255
255
255
255
255
255
255
255
255
255
255
255
255
255
255
255
255
255
255
255
255
255
255
255
255
255
255
255
255
255
255
255
255
255
255
255
255
255
255
255
255
255
255
255
255
255
255
255
255
255
255
255
255
255
255
255
255
