209
-611.361
220.469
689.045
-35.2569
593.978
193.139
-510.896
-371.407
-49.757
-102.629
-716.621
45.616
-120.89
-84.1182
-511.913
-232.925
64.5383
142.186
423.042
177.972
267.868
296.617
478.037
4.7459
66.3349
-130.869
-77.446
535.567
-488.281
-75.1015
-755.462
-244.836
-290.027
-380.108
107.92
103.39
33.5886
-163.652
-373.419
76.4736
-389.664
59.7218
-341.204
149.684
325.889
403.549
81.9441
357.439
-110.758
45.619
-126.184
149.611
115.741
-273.821
43.8388
-272.452
-9.76835
-90.7298
-278.419
196.038
-7.00302
10.939
-92.5703
53.2654
223.845
-25.5354
-218.248
78.5541
117.676
-142.218
7.11153
-273.12
-133.254
184.024
-70.52
-121.888
95.0629
193.562
39.8674
-283.547
-24.0134
125.027
59.1128
-126.339
-278.971
72.5716
-136.139
24.9479
36.0826
117.072
20.6399
56.8636
18.4888
107.625
-2.49595
42.1192
1.66651
80.6424
-159.357
12.2982
41.343
59.202
34.247
38.1157
133.466
-193.978
-69.9582
41.7136
-102.35
18.3052
-99.2968
97.8088
-168.094
-38.0282
79.1123
-77.9385
-59.4412
-3.66797
34.5456
263.586
-113.145
-3.64097
176.866
-357.133
-3.27637
-191.468
16.813
93.9975
6.68517
32.9828
-109.847
-1.25763
-201.631
-111.187
182.412
-144.877
168.952
255
255
255
255
255
255
255
255
255
255
255
255
255
255
255
255
255
255
255
255
255
255
255
255
255
255
255
255
255
255
255
255
255
255
255
255
255
255
255
255
255
255
255
255
255
255
255
255
255
255
255
255
255
255
255
255
255
255
255
255
255
255
255
255
255
255
255
255
255
255
255
