209
-57.2006
356.65
1052.89
-72.7718
-86.307
247.095
-267.373
-636.378
-98.3752
4.21446
-713.739
30.2835
184.269
-367.226
-429.092
-148.853
250.141
123.902
381.853
220.823
138.998
94.2097
350.093
-196.728
-19.0571
58.7186
-55.6401
484.825
-342.208
-193.031
-783.837
-322.089
-340.332
-176.187
131.545
179.594
-108.002
-273.447
-314.405
-24.2606
-525.059
33.641
-352.18
207.025
317.295
394.858
36.5492
216.823
-178.703
1.00001
-78.8961
116.205
16.6436
-225.847
-11.5602
-216.431
27.7605
-110.202
-337.027
241.357
9.22854
-15.3729
-89.4164
1.80108
181.86
-12.4769
-252.784
21.5302
99.0821
-165.227
-17.1159
-262.068
-95.3633
226.828
-56.624
-141.769
88.7086
221.88
56.8039
-279.715
-39.3428
134.313
58.123
-132.533
-276.815
70.8893
-129.791
26.2233
28.7135
118.903
13.0969
59.757
18.0976
112.327
-2.49595
42.1192
1.66651
80.6424
-159.357
12.2982
41.343
59.202
34.247
38.1157
133.466
-193.978
-69.9582
41.7136
-102.35
18.3052
-99.2968
97.8088
-168.094
-38.0282
79.1123
-77.9385
-59.4412
-3.66797
34.5456
263.586
-113.145
-3.64097
176.866
-357.133
-3.27637
-191.468
16.813
93.9975
6.68517
32.9828
-109.847
-1.25763
-201.631
-111.187
182.412
-144.877
168.952
255
255
255
255
255
255
255
255
255
255
255
255
255
255
255
255
255
255
255
255
255
255
255
255
255
255
255
255
255
255
255
255
255
255
255
255
255
255
255
255
255
255
255
255
255
255
255
255
255
255
255
255
255
255
255
255
255
255
255
255
255
255
255
255
255
255
255
255
255
255
255
