209
43.6646
154.823
1108.66
175.55
55.0228
285.069
-273.389
-12.3175
-303.051
-172.045
-507.719
-72.8926
-17.6924
-354.962
-491.109
-36.6069
139.846
340.244
304.033
354.262
134.678
56.4396
526.033
140.697
-28.0669
-50.3214
-152.994
485.486
-354.96
-260.477
-760.314
-231.892
-305.722
-96.399
114.084
195.766
-2.12104
-131.978
-383.209
-14.1336
-382.614
1.67443
-430.969
180.967
266.699
447.524
57.8933
245.618
-66.1757
20.3309
-91.2356
164.754
51.9572
-180.936
19.2008
-159.55
-36.0453
-178.843
-331.142
141.067
59.1194
61.9986
-174.214
6.66535
181.82
-56.5197
-204.727
37.4587
117.491
-139.728
28.3705
-268.874
-113.012
220.95
-96.6331
-110.614
81.6875
177.633
54.9814
-288.396
-19.7211
122.502
58.0367
-127.304
-264.97
66.2474
-136.973
23.8612
41.9918
122.289
19.2775
60.0311
18.6232
108.949
-2.49595
42.1192
1.66651
80.6424
-159.357
12.2982
41.343
59.202
34.247
38.1157
133.466
-193.978
-69.9582
41.7136
-102.35
18.3052
-99.2968
97.8088
-168.094
-38.0282
79.1123
-77.9385
-59.4412
-3.66797
34.5456
263.586
-113.145
-3.64097
176.866
-357.133
-3.27637
-191.468
16.813
93.9975
6.68517
32.9828
-109.847
-1.25763
-201.631
-111.187
182.412
-144.877
168.952
255
255
255
255
255
255
255
255
255
255
255
255
255
255
255
255
255
255
255
255
255
255
255
255
255
255
255
255
255
255
255
255
255
255
255
255
255
255
255
255
255
255
255
255
255
255
255
255
255
255
255
255
255
255
255
255
255
255
255
255
255
255
255
255
255
255
255
255
255
255
255
