209
-857.237
508.418
550.591
-315.425
-296.504
-44.331
-492.433
-420.801
-24.3488
-155.452
-638.219
-181.159
228.662
-252.464
-341.904
-90.7873
-76.7916
185.741
316.647
264.09
98.1552
-31.746
545.493
-113.475
117.14
-54.5749
-13.1488
513.99
-415.454
-260.592
-868.423
-44.1646
-228.919
-135.065
208.213
-4.74452
-29.6129
-168.911
-413.522
176.208
-445.819
114.4
-324.757
100.863
366.546
398.184
111.049
203.294
-148.068
-16.8291
-151.455
122.292
77.0121
-257.838
-65.7609
-231.585
-1.62377
-145.368
-311.136
151.276
55.7412
10.3661
-116.937
54.2349
164.074
-36.6576
-170.766
31.9395
82.9391
-142.877
-41.3347
-261.806
-104.105
227.991
-76.051
-109.45
78.3377
203.264
53.5685
-296.348
-18.7488
118.951
52.5532
-113.994
-274.167
68.852
-132.336
25.1669
37.0913
117.65
20.2205
56.8127
18.0913
107.307
-2.49595
42.1192
1.66651
80.6424
-159.357
12.2982
41.343
59.202
34.247
38.1157
133.466
-193.978
-69.9582
41.7136
-102.35
18.3052
-99.2968
97.8088
-168.094
-38.0282
79.1123
-77.9385
-59.4412
-3.66797
34.5456
263.586
-113.145
-3.64097
176.866
-357.133
-3.27637
-191.468
16.813
93.9975
6.68517
32.9828
-109.847
-1.25763
-201.631
-111.187
182.412
-144.877
168.952
255
255
255
255
255
255
255
255
255
255
255
255
255
255
255
255
255
255
255
255
255
255
255
255
255
255
255
255
255
255
255
255
255
255
255
255
255
255
255
255
255
255
255
255
255
255
255
255
255
255
255
255
255
255
255
255
255
255
255
255
255
255
255
255
255
255
255
255
255
255
255
