209
-538.045
573.555
605.945
18.7801
60.9722
22.8147
-566.29
-760.741
-76.8704
20.4389
-684.359
49.8696
358.058
-368.481
-452.98
-305.739
83.4361
54.7217
320.661
189.786
-74.6305
1.02144
419.935
15.5883
93.4506
67.5439
-242.69
554.075
-334.884
-204.047
-784.815
-175.15
-285.762
-133.139
114.064
36.2726
-105.752
-171.099
-424.486
-43.8578
-423.752
15.8526
-379.199
160.001
293.113
546.928
12.2512
330.023
-211.505
59.0712
-179.973
159.853
80.9511
-261.79
38.573
-192.374
-40.381
-115.989
-282.245
183.238
-16.5609
62.7282
-117.051
-38.5468
195.53
-36.4425
-230.642
62.5309
91.4239
-178.479
27.3112
-238.145
-108.564
235.517
-118.026
-119.172
91.2009
201.392
40.5935
-292.734
-16.0673
111.894
47.217
-134.776
-286.474
75.1254
-135.348
27.7106
38.5305
114.241
20.1812
52.9175
17.8404
104.704
-2.49595
42.1192
1.66651
80.6424
-159.357
12.2982
41.343
59.202
34.247
38.1157
133.466
-193.978
-69.9582
41.7136
-102.35
18.3052
-99.2968
97.8088
-168.094
-38.0282
79.1123
-77.9385
-59.4412
-3.66797
34.5456
263.586
-113.145
-3.64097
176.866
-357.133
-3.27637
-191.468
16.813
93.9975
6.68517
32.9828
-109.847
-1.25763
-201.631
-111.187
182.412
-144.877
168.952
255
255
255
255
255
255
255
255
255
255
255
255
255
255
255
255
255
255
255
255
255
255
255
255
255
255
255
255
255
255
255
255
255
255
255
255
255
255
255
255
255
255
255
255
255
255
255
255
255
255
255
255
255
255
255
255
255
255
255
255
255
255
255
255
255
255
255
255
255
255
255
