209
-29.5563
368.021
1037.4
-68.7369
-65.8622
223.751
-307.337
-804.04
6.01995
7.54745
-655.141
-124.586
-34.1901
-288.065
-406.354
-173.422
249.925
172.243
119.096
299.518
210.138
38.3008
429.395
47.5452
-31.518
23.9265
-188.824
443.707
-275.372
-235.693
-827.789
-167.602
-286.615
-153.362
142.407
178.126
-52.3847
-200.453
-409.5
67.9488
-453.32
87.1751
-323.875
207.908
268.599
467.346
80.0377
331.231
-173.141
35.0679
-90.1959
167.245
2.14855
-302.268
12.7068
-233.349
-47.2478
-110.295
-288.957
208.852
89.175
17.6683
-60.7088
-4.8928
184.675
-106.456
-169.072
43.5185
156.814
-161.51
4.62798
-316.968
-125.378
225.24
-38.5026
-116.444
89.1471
208.663
30.7579
-280.497
2.35526
122.735
53.3458
-108.743
-283.992
63.888
-131.567
23.4536
33.1167
118.732
20.6919
56.9784
19.0775
102.62
-2.49595
42.1192
1.66651
80.6424
-159.357
12.2982
41.343
59.202
34.247
38.1157
133.466
-193.978
-69.9582
41.7136
-102.35
18.3052
-99.2968
97.8088
-168.094
-38.0282
79.1123
-77.9385
-59.4412
-3.66797
34.5456
263.586
-113.145
-3.64097
176.866
-357.133
-3.27637
-191.468
16.813
93.9975
6.68517
32.9828
-109.847
-1.25763
-201.631
-111.187
182.412
-144.877
168.952
255
255
255
255
255
255
255
255
255
255
255
255
255
255
255
255
255
255
255
255
255
255
255
255
255
255
255
255
255
255
255
255
255
255
255
255
255
255
255
255
255
255
255
255
255
255
255
255
255
255
255
255
255
255
255
255
255
255
255
255
255
255
255
255
255
255
255
255
255
255
255
