209
-689.78
454.025
711.33
-79.6555
142.693
-3.22958
-348.24
-795.553
-72.7647
-73.7721
-642.364
-179.626
151.355
-207.925
-399.446
-241.208
259.501
23.361
438.621
328.121
99.1391
-28.1424
496.605
93.1966
44.1478
66.5651
-163.453
508.602
-280.474
-360.35
-770.394
-271.28
-305.103
-294.787
184.085
250.931
32.354
-43.7423
-432.463
-26.4224
-301.371
115.546
-358.283
118.107
267.397
389.364
44.0211
316.838
-91.3121
37.7819
-166.219
146.866
93.5719
-253.946
-46.7716
-172.435
7.69257
-147.993
-286.643
113.791
9.87677
-68.8553
-82.6179
-44.7979
223.572
-39.1426
-222.451
85.1375
110.465
-131.198
-20.8581
-295.148
-83.4216
257.384
-59.2027
-118.833
92.5261
215.035
43.1734
-296.06
-22.3628
125.577
65.0566
-124.926
-263.391
64.6255
-137.97
25.8687
35.6837
119.422
22.4657
57.8289
19.8458
109.404
-2.49595
42.1192
1.66651
80.6424
-159.357
12.2982
41.343
59.202
34.247
38.1157
133.466
-193.978
-69.9582
41.7136
-102.35
18.3052
-99.2968
97.8088
-168.094
-38.0282
79.1123
-77.9385
-59.4412
-3.66797
34.5456
263.586
-113.145
-3.64097
176.866
-357.133
-3.27637
-191.468
16.813
93.9975
6.68517
32.9828
-109.847
-1.25763
-201.631
-111.187
182.412
-144.877
168.952
255
255
255
255
255
255
255
255
255
255
255
255
255
255
255
255
255
255
255
255
255
255
255
255
255
255
255
255
255
255
255
255
255
255
255
255
255
255
255
255
255
255
255
255
255
255
255
255
255
255
255
255
255
255
255
255
255
255
255
255
255
255
255
255
255
255
255
255
255
255
255
