209
-1001.98
190.69
1060.71
73.1812
13.9645
437.469
-522.716
-545.294
-2.5271
-177.941
-666.189
-20.4407
12.5825
-367.591
-523.118
-205.452
137.342
127.634
305.965
220.593
99.8135
22.2099
520.956
9.52045
16.6669
-19.1491
-54.1549
539.959
-305.994
-283.464
-895.926
-170.252
-267.161
-159.568
199.646
49.7365
-20.8163
-184.008
-430.199
-54.6485
-428.192
56.0051
-386.791
225.821
204.302
419.642
31.5541
397.769
-193.08
68.0578
-98.7161
171.153
94.3709
-270.664
-24.6616
-233.187
-36.5552
-50.8363
-329.498
151.439
-6.45899
-1.37443
-160.983
-27.4103
217.563
-64.8543
-185.927
-23.1817
91.1096
-113.485
-49.0304
-269.644
-98.6623
221.559
-49.3165
-106.583
132.957
167.802
50.1827
-267.132
-29.2283
122.078
50.276
-124.608
-264.589
84.829
-127.727
28.085
31.235
118.637
19.0591
58.3219
17.5578
107.62
-2.49595
42.1192
1.66651
80.6424
-159.357
12.2982
41.343
59.202
34.247
38.1157
133.466
-193.978
-69.9582
41.7136
-102.35
18.3052
-99.2968
97.8088
-168.094
-38.0282
79.1123
-77.9385
-59.4412
-3.66797
34.5456
263.586
-113.145
-3.64097
176.866
-357.133
-3.27637
-191.468
16.813
93.9975
6.68517
32.9828
-109.847
-1.25763
-201.631
-111.187
182.412
-144.877
168.952
255
255
255
255
255
255
255
255
255
255
255
255
255
255
255
255
255
255
255
255
255
255
255
255
255
255
255
255
255
255
255
255
255
255
255
255
255
255
255
255
255
255
255
255
255
255
255
255
255
255
255
255
255
255
255
255
255
255
255
255
255
255
255
255
255
255
255
255
255
255
255
