209
-666.394
142.872
587.037
165.172
-210.757
532.691
-453.866
-610.96
152.746
-353.243
-520.394
145.154
33.8356
125.156
-460.163
-192.867
208.917
-3.84885
147.429
355.33
180.889
162.839
410.794
-40.9206
-78.8551
128.767
-46.5698
495.197
-168.898
-214.839
-759.99
-86.7741
-486.638
-272.201
119.399
203.597
-109.096
-165.383
-460.595
85.5895
-506.291
6.85103
-443.283
153.435
334.478
390.036
78.3516
305.507
-165.937
60.5057
-53.3082
140.093
90.5974
-256.626
-8.2787
-160.97
-41.3333
-114.8
-308.389
129.715
19.0032
10.353
-167.394
38.2244
214.804
-18.8776
-180.39
57.3379
94.4158
-136.176
-0.0242958
-263.346
-101.245
245.228
-80.6698
-123.692
82.1876
220.864
32.2998
-288.019
-9.97016
121.951
56.151
-127.098
-277.322
85.5313
-135.777
28.0564
38.0221
115.905
15.6854
57.1378
18.7502
106.927
-2.49595
42.1192
1.66651
80.6424
-159.357
12.2982
41.343
59.202
34.247
38.1157
133.466
-193.978
-69.9582
41.7136
-102.35
18.3052
-99.2968
97.8088
-168.094
-38.0282
79.1123
-77.9385
-59.4412
-3.66797
34.5456
263.586
-113.145
-3.64097
176.866
-357.133
-3.27637
-191.468
16.813
93.9975
6.68517
32.9828
-109.847
-1.25763
-201.631
-111.187
182.412
-144.877
168.952
255
255
255
255
255
255
255
255
255
255
255
255
255
255
255
255
255
255
255
255
255
255
255
255
255
255
255
255
255
255
255
255
255
255
255
255
255
255
255
255
255
255
255
255
255
255
255
255
255
255
255
255
255
255
255
255
255
255
255
255
255
255
255
255
255
255
255
255
255
255
255
