209
-1078.29
170.611
1216.35
16.4267
60.3529
448.381
-556.512
-602.723
16.7998
-168.757
-754.254
-46.6705
-14.7646
-490.673
-513.947
-295.673
21.9536
189.492
379.916
185.64
165.125
1.65226
651.867
18.0485
220.023
230.222
-69.4214
100.981
-186.472
-0.0108704
-513.758
-105.424
-209.63
-117.628
53.3512
172.761
12.67
-134.767
-348.846
57.9248
-449.808
54.9904
-346.419
177.644
278.026
400.588
78.6755
300.672
-134.444
24.0894
-106.944
163.235
64.3019
-257.222
-5.69149
-192.872
-6.19053
-120.64
-311.171
168.358
9.02424
1.8815
-110.482
-0.0204618
194.281
-55.2716
-196.437
57.996
99.7351
-140.232
-11.4688
-263.56
-98.5984
226.887
-77.5961
-123.929
91.7714
207.348
45.2887
-289.82
-17.4746
121.939
56.6043
-125.481
-275.769
73.308
-132.233
27.1039
34.7864
116.927
19.4375
57.1978
18.1315
107.664
-2.49595
42.1192
1.66651
80.6424
-159.357
12.2982
41.343
59.202
34.247
38.1157
133.466
-193.978
-69.9582
41.7136
-102.35
18.3052
-99.2968
97.8088
-168.094
-38.0282
79.1123
-77.9385
-59.4412
-3.66797
34.5456
263.586
-113.145
-3.64097
176.866
-357.133
-3.27637
-191.468
16.813
93.9975
6.68517
32.9828
-109.847
-1.25763
-201.631
-111.187
182.412
-144.877
168.952
255
255
255
255
255
255
255
255
255
255
255
255
255
255
255
255
255
255
255
255
255
255
255
255
255
255
255
255
255
255
255
255
255
255
255
255
255
255
255
255
255
255
255
255
255
255
255
255
255
255
255
255
255
255
255
255
255
255
255
255
255
255
255
255
255
255
255
255
255
255
255
