209
-949.801
328.623
1045.21
-14.842
26.7927
298.153
-477.989
-594.768
145.593
-79.4305
-558.2
-5.94561
-104.672
-423.828
-493.517
-347.133
118.312
140.546
332.36
370.703
262.862
39.6582
504.803
-49.6774
-67.5108
-29.4006
-132.765
563.181
-304.06
-217.046
-809.22
-258.564
-402.482
-146.231
92.5297
144.501
-27.8818
-227.524
-475.141
51.8476
-457.112
-45.8042
-348.801
188.375
288.368
392.312
87.6919
313.896
-170.098
-71.1995
-100.402
205.186
28.529
-271.006
-0.351736
-234.424
-1.71795
-159.622
-268.964
193.741
6.77392
-24.4417
-70.8249
8.17991
262.388
-95.5305
-198.699
50.9782
129.742
-145.938
-34.7526
-195.207
-84.87
228.256
-109.616
-92.9501
69.1763
199.251
62.2842
-294.882
-16.1289
131.055
62.5677
-123.703
-256.353
65.2583
-131.882
38.2448
39.125
115.667
20.1667
56.1757
20.0215
105.58
-2.49595
42.1192
1.66651
80.6424
-159.357
12.2982
41.343
59.202
34.247
38.1157
133.466
-193.978
-69.9582
41.7136
-102.35
18.3052
-99.2968
97.8088
-168.094
-38.0282
79.1123
-77.9385
-59.4412
-3.66797
34.5456
263.586
-113.145
-3.64097
176.866
-357.133
-3.27637
-191.468
16.813
93.9975
6.68517
32.9828
-109.847
-1.25763
-201.631
-111.187
182.412
-144.877
168.952
255
255
255
255
255
255
255
255
255
255
255
255
255
255
255
255
255
255
255
255
255
255
255
255
255
255
255
255
255
255
255
255
255
255
255
255
255
255
255
255
255
255
255
255
255
255
255
255
255
255
255
255
255
255
255
255
255
255
255
255
255
255
255
255
255
255
255
255
255
255
255
