209
-617.239
-272.915
543.333
-347.543
97.0993
629.124
-481.841
-503.202
40.5396
92.7936
-726.847
-51.1277
-114.817
-435.41
-426.625
-61.3784
137.423
283.045
341.248
236.778
76.7313
28.9681
298.898
16.367
-95.7999
103.726
-172.083
453.72
-399.072
-337.151
-728.099
-183.088
-222.312
-194.229
188.624
242.21
-68.6959
-205.739
-481.058
139.362
-478.436
147.232
-356.4
168.246
349.855
463.987
145.954
245.11
-114.776
56.4329
-171.447
174.017
76.1358
-301.334
30.2276
-185.015
-15.3764
-72.6676
-271.31
207.628
0.961239
-26.9624
-124.983
-15.8275
228.692
-79.0209
-192.129
27.8674
93.9189
-158.355
9.10044
-278.224
-101.739
224.835
-113.781
-120.634
104.208
214.223
60.7638
-285.712
-12.185
111.563
68.2672
-125.019
-265.177
90.236
-135.588
29.0753
36.0719
119.538
24.1522
58.5778
13.8216
110.205
-2.49595
42.1192
1.66651
80.6424
-159.357
12.2982
41.343
59.202
34.247
38.1157
133.466
-193.978
-69.9582
41.7136
-102.35
18.3052
-99.2968
97.8088
-168.094
-38.0282
79.1123
-77.9385
-59.4412
-3.66797
34.5456
263.586
-113.145
-3.64097
176.866
-357.133
-3.27637
-191.468
16.813
93.9975
6.68517
32.9828
-109.847
-1.25763
-201.631
-111.187
182.412
-144.877
168.952
255
255
255
255
255
255
255
255
255
255
255
255
255
255
255
255
255
255
255
255
255
255
255
255
255
255
255
255
255
255
255
255
255
255
255
255
255
255
255
255
255
255
255
255
255
255
255
255
255
255
255
255
255
255
255
255
255
255
255
255
255
255
255
255
255
255
255
255
255
255
255
