209
-308.995
-359.501
922.322
-269.496
-223.392
311.693
-618.023
-680.298
-197.262
35.4664
-602.942
-26.9377
36.5785
-321.29
-281.058
-343.106
193.371
169.301
472.257
199.106
142.902
146.825
537.04
3.80464
-55.8592
22.1799
-123.188
558.099
-246.717
-143.705
-913.27
-209.442
-200.312
-165.131
90.0398
161.318
-20.5261
-183.286
-287.89
41.7252
-505.623
-12.4855
-368.889
161.185
279.843
469.083
71.1478
298.529
-138.349
30.7321
-96.5818
169.767
123.158
-313.13
2.14054
-188.241
-1.25236
-124.206
-306.115
129.709
9.11961
26.359
-121.178
17.4045
222.902
-60.5283
-193.102
44.3896
92.1221
-123.815
1.42651
-238.283
-85.4589
240.297
-63.7735
-118.889
78.1176
199.937
51.6172
-288.194
-4.66268
130.521
79.452
-111.757
-288.205
75.5002
-129.473
14.3512
31.991
125.416
30.23
46.7453
23.9395
110.908
-2.49595
42.1192
1.66651
80.6424
-159.357
12.2982
41.343
59.202
34.247
38.1157
133.466
-193.978
-69.9582
41.7136
-102.35
18.3052
-99.2968
97.8088
-168.094
-38.0282
79.1123
-77.9385
-59.4412
-3.66797
34.5456
263.586
-113.145
-3.64097
176.866
-357.133
-3.27637
-191.468
16.813
93.9975
6.68517
32.9828
-109.847
-1.25763
-201.631
-111.187
182.412
-144.877
168.952
255
255
255
255
255
255
255
255
255
255
255
255
255
255
255
255
255
255
255
255
255
255
255
255
255
255
255
255
255
255
255
255
255
255
255
255
255
255
255
255
255
255
255
255
255
255
255
255
255
255
255
255
255
255
255
255
255
255
255
255
255
255
255
255
255
255
255
255
255
255
255
