209
-212.973
-263.965
999.102
-337.955
-324.751
392.308
-616.537
-571.095
-96.1133
37.5
-597.312
210.645
160.327
-175.613
-395.053
-389.941
271.982
218.899
348.132
277.299
224.375
43.9829
447.132
123.384
-31.2238
22.3993
-52.0834
538.932
-365.619
-191.036
-779.624
-217.52
-181.566
-176.341
61.211
158.254
-5.87197
-166.522
-310.764
21.8125
-477.773
69.4968
-340.783
135.04
346.958
430.015
15.9228
292.119
-142.863
12.5735
-103.427
223.879
151.049
-295.878
24.034
-196.077
-7.77854
-116.364
-271.069
159.089
11.6324
37.2169
-73.4364
-40.0099
189.363
-45.29
-160.978
64.8325
71.1188
-132.697
-34.685
-279.615
-100.766
235.691
-68.6063
-92.5419
77.7515
188.243
42.762
-294.751
-23.4576
119.891
50.8808
-124.53
-278.799
64.8855
-138.473
43.6325
42.3776
117.278
9.59315
65.8461
11.7483
107.966
-2.49595
42.1192
1.66651
80.6424
-159.357
12.2982
41.343
59.202
34.247
38.1157
133.466
-193.978
-69.9582
41.7136
-102.35
18.3052
-99.2968
97.8088
-168.094
-38.0282
79.1123
-77.9385
-59.4412
-3.66797
34.5456
263.586
-113.145
-3.64097
176.866
-357.133
-3.27637
-191.468
16.813
93.9975
6.68517
32.9828
-109.847
-1.25763
-201.631
-111.187
182.412
-144.877
168.952
255
255
255
255
255
255
255
255
255
255
255
255
255
255
255
255
255
255
255
255
255
255
255
255
255
255
255
255
255
255
255
255
255
255
255
255
255
255
255
255
255
255
255
255
255
255
255
255
255
255
255
255
255
255
255
255
255
255
255
255
255
255
255
255
255
255
255
255
255
255
255
