209
-1013.57
-158.558
786.262
104.016
-120.3
154.171
-289.447
-540.39
66.4671
-421.424
-551.676
28.1445
327.756
-643.377
-461.373
-310.415
334.909
128.998
-28.706
123.202
77.3699
410.418
401.813
111.499
83.1045
-46.9658
-81.171
466.312
-414.173
-329.16
-843.891
-179.02
-221.712
-126.257
26.9422
98.7412
-36.2903
-196.67
-335.728
7.48454
-430.541
50.5174
-318.278
208.528
332.471
395.819
165.057
342.724
-75.5932
77.2474
-116.656
172.354
56.4977
-238.627
-7.33501
-149.473
43.9345
-102.545
-267.169
148.407
52.2923
-17.2838
-78.8592
13.3655
205.982
-59.3328
-196.549
57.1634
102.621
-123.918
-4.71865
-255.896
-91.8818
227.514
-88.5043
-135.372
87.5812
207.341
43.6508
-285.193
-19.2103
126.127
54.754
-126.917
-273.704
73.5788
-131.227
27.1131
33.9895
116.505
19.5828
57.2873
17.6018
107.487
-2.49595
42.1192
1.66651
80.6424
-159.357
12.2982
41.343
59.202
34.247
38.1157
133.466
-193.978
-69.9582
41.7136
-102.35
18.3052
-99.2968
97.8088
-168.094
-38.0282
79.1123
-77.9385
-59.4412
-3.66797
34.5456
263.586
-113.145
-3.64097
176.866
-357.133
-3.27637
-191.468
16.813
93.9975
6.68517
32.9828
-109.847
-1.25763
-201.631
-111.187
182.412
-144.877
168.952
255
255
255
255
255
255
255
255
255
255
255
255
255
255
255
255
255
255
255
255
255
255
255
255
255
255
255
255
255
255
255
255
255
255
255
255
255
255
255
255
255
255
255
255
255
255
255
255
255
255
255
255
255
255
255
255
255
255
255
255
255
255
255
255
255
255
255
255
255
255
255
