209
-756.092
-247.202
605.239
-63.2801
167.81
269.683
-451.744
-674.188
-116.532
-94.4996
-746.684
177.073
47.0836
-103.609
-696.499
9.80579
62.3809
261.173
327.241
254.363
49.8941
93.6339
424.255
64.9442
157.383
2.59572
-131.784
531.578
-337.976
-186.867
-865.595
-249.541
-222.154
-111.809
35.3158
229.929
5.55028
-207.944
-306.962
55.8109
-463.538
102.352
-389.256
178.073
302.197
472.769
117.509
348.002
-236.052
-46.2084
-115.094
134.253
32.3925
-218.678
-16.6196
-188.991
-5.30958
-94.1563
-341.632
125.187
3.93009
-53.146
-105.254
-13.2259
207.528
-40.2575
-176.078
32.5605
138.476
-171.64
4.52981
-243.813
-56.055
216.571
-53.1255
-107.267
63.3095
201.368
34.1678
-313.691
-27.0721
119.55
44.6373
-129.098
-273.169
82.1871
-136.73
23.4404
40.0521
127.027
22.2398
59.0451
15.4953
105.06
-2.49595
42.1192
1.66651
80.6424
-159.357
12.2982
41.343
59.202
34.247
38.1157
133.466
-193.978
-69.9582
41.7136
-102.35
18.3052
-99.2968
97.8088
-168.094
-38.0282
79.1123
-77.9385
-59.4412
-3.66797
34.5456
263.586
-113.145
-3.64097
176.866
-357.133
-3.27637
-191.468
16.813
93.9975
6.68517
32.9828
-109.847
-1.25763
-201.631
-111.187
182.412
-144.877
168.952
255
255
255
255
255
255
255
255
255
255
255
255
255
255
255
255
255
255
255
255
255
255
255
255
255
255
255
255
255
255
255
255
255
255
255
255
255
255
255
255
255
255
255
255
255
255
255
255
255
255
255
255
255
255
255
255
255
255
255
255
255
255
255
255
255
255
255
255
255
255
255
