209
-795.543
356.621
603.213
199.643
-184.094
536.013
-953.244
-658.916
-327.834
-211.046
-504.952
-24.0154
145.966
-258.745
-429.776
-18.0736
42.3856
247.866
328.861
276.427
317.402
48.69
450.55
16.3446
-48.6417
-30.5255
-88.504
518.848
-276.956
-201.9
-793.61
-281.794
-236.727
-199.722
52.0375
79.6996
-0.0553402
-119.971
-416.528
59.6702
-400.539
2.26336
-325.972
197.287
199.003
463.48
82.5455
387.345
-132.546
47.4045
-102.549
174.172
84.9107
-333.61
-25.5415
-176.171
-22.9362
-122.094
-338.321
204.713
105.624
-78.1931
-118.988
-7.15671
156.853
-52.3805
-213.15
36.0643
100.867
-154.539
18.4547
-257.422
-94.8479
225.161
-101.482
-123.21
74.2516
212.656
37.9063
-293.831
-37.1978
130.199
59.3013
-112.441
-283.917
70.8384
-136.322
33.7651
30.8862
111.186
21.7764
56.5428
12.5008
110.417
-2.49595
42.1192
1.66651
80.6424
-159.357
12.2982
41.343
59.202
34.247
38.1157
133.466
-193.978
-69.9582
41.7136
-102.35
18.3052
-99.2968
97.8088
-168.094
-38.0282
79.1123
-77.9385
-59.4412
-3.66797
34.5456
263.586
-113.145
-3.64097
176.866
-357.133
-3.27637
-191.468
16.813
93.9975
6.68517
32.9828
-109.847
-1.25763
-201.631
-111.187
182.412
-144.877
168.952
255
255
255
255
255
255
255
255
255
255
255
255
255
255
255
255
255
255
255
255
255
255
255
255
255
255
255
255
255
255
255
255
255
255
255
255
255
255
255
255
255
255
255
255
255
255
255
255
255
255
255
255
255
255
255
255
255
255
255
255
255
255
255
255
255
255
255
255
255
255
255
