209
-231.77
-169.556
954.484
97.2846
-54.8738
-9.19668
-651.609
-264.529
-311.423
-320.804
-530.191
-292.161
-261.8
-219.208
-536.977
-221.271
47.8816
48.9328
308.268
272.59
-112.205
-48.538
515.249
110.271
-73.3723
35.3716
-40.7123
588.446
-271.014
-250.479
-764.272
-95.1947
-184.733
-119.572
59.959
131.63
49.6045
-332.638
-435.302
33.4028
-524.26
62.3566
-378.777
165.54
279.979
363.399
101.458
439.522
-183.689
-28.6185
-124.063
161.895
129.892
-266.615
-29.3546
-201.195
52.4947
-127.119
-259.67
204.696
30.8153
0.108074
-102.288
-6.31392
213.947
-39.1886
-206.284
61.6396
95.9992
-184.289
7.5141
-287.377
-103.188
241.83
-76.7315
-141.044
90.9571
220.332
48.5088
-288.611
-19.4417
128.913
57.7056
-132.74
-275.065
73.7287
-127.711
30.4775
35.7913
117.053
17.5239
57.9778
19.6577
107.88
-2.49595
42.1192
1.66651
80.6424
-159.357
12.2982
41.343
59.202
34.247
38.1157
133.466
-193.978
-69.9582
41.7136
-102.35
18.3052
-99.2968
97.8088
-168.094
-38.0282
79.1123
-77.9385
-59.4412
-3.66797
34.5456
263.586
-113.145
-3.64097
176.866
-357.133
-3.27637
-191.468
16.813
93.9975
6.68517
32.9828
-109.847
-1.25763
-201.631
-111.187
182.412
-144.877
168.952
255
255
255
255
255
255
255
255
255
255
255
255
255
255
255
255
255
255
255
255
255
255
255
255
255
255
255
255
255
255
255
255
255
255
255
255
255
255
255
255
255
255
255
255
255
255
255
255
255
255
255
255
255
255
255
255
255
255
255
255
255
255
255
255
255
255
255
255
255
255
255
