209
-283.337
-34.2844
1026.66
-100.55
-345.559
146.003
-619.94
-621.783
-83.3236
-120.269
-527.131
51.9685
126.696
-200.064
-751.057
-282.946
283.481
72.654
346.077
69.9038
306.754
-169.677
270.814
176.416
61.1921
-9.45049
-209.913
534.301
-419.951
-274.463
-604.379
-257.677
-223.495
-186.165
57.5626
-40.5482
21.3753
-211.628
-442.719
63.6216
-447.412
72.8279
-410.808
182.155
259.969
480.046
163.566
309.587
-111.18
-1.20637
-90.5041
151.489
35.4786
-220.172
7.89671
-200.148
-10.157
-145.825
-299.086
178.431
-23.2527
-42.4916
-147.672
1.44919
184.899
-36.2107
-181.885
42.0801
112.452
-126.079
-36.7322
-241.155
-125.317
221.334
-66.9725
-114.658
90.3712
222.857
34.74
-282.205
-4.61589
124.727
69.9174
-122.853
-276.424
79.9589
-139.912
21.385
35.6444
116.818
18.626
58.4139
22.2475
108.402
-2.49595
42.1192
1.66651
80.6424
-159.357
12.2982
41.343
59.202
34.247
38.1157
133.466
-193.978
-69.9582
41.7136
-102.35
18.3052
-99.2968
97.8088
-168.094
-38.0282
79.1123
-77.9385
-59.4412
-3.66797
34.5456
263.586
-113.145
-3.64097
176.866
-357.133
-3.27637
-191.468
16.813
93.9975
6.68517
32.9828
-109.847
-1.25763
-201.631
-111.187
182.412
-144.877
168.952
255
255
255
255
255
255
255
255
255
255
255
255
255
255
255
255
255
255
255
255
255
255
255
255
255
255
255
255
255
255
255
255
255
255
255
255
255
255
255
255
255
255
255
255
255
255
255
255
255
255
255
255
255
255
255
255
255
255
255
255
255
255
255
255
255
255
255
255
255
255
255
