209
-822.361
-46.8979
564.683
290.113
-236.689
-43.2838
-830.651
-459.889
321.479
235.599
-539.486
-7.93999
-63.8477
-467.293
-426.615
-26.0554
258.89
132.931
401.15
376.499
81.3223
146.335
509.397
16.0631
24.1985
68.8613
-236.237
464.404
-381.292
-205.482
-866.557
-304.186
-312.932
-157.486
24.7986
119.494
-54.0225
-192.523
-376.889
32.6161
-484.34
104.332
-304.065
137.922
188.599
286.174
80.1836
278.239
-97.6061
-36.9235
-134.101
212.762
81.2182
-300.739
19.6936
-177.724
-75.7655
-105.608
-284.855
153.899
-0.860133
-10.9347
-178.227
-26.2827
185.839
-21.6701
-179.124
57.9593
103.375
-161.322
-24.8885
-263.323
-115.703
210.044
-64.7596
-144.008
72.6711
212.44
44.0928
-279.206
-8.20645
129.999
44.0164
-131.554
-277.152
68.2922
-128.629
22.0141
38.2057
116.33
19.4899
57.6286
17.1427
107.137
-2.49595
42.1192
1.66651
80.6424
-159.357
12.2982
41.343
59.202
34.247
38.1157
133.466
-193.978
-69.9582
41.7136
-102.35
18.3052
-99.2968
97.8088
-168.094
-38.0282
79.1123
-77.9385
-59.4412
-3.66797
34.5456
263.586
-113.145
-3.64097
176.866
-357.133
-3.27637
-191.468
16.813
93.9975
6.68517
32.9828
-109.847
-1.25763
-201.631
-111.187
182.412
-144.877
168.952
255
255
255
255
255
255
255
255
255
255
255
255
255
255
255
255
255
255
255
255
255
255
255
255
255
255
255
255
255
255
255
255
255
255
255
255
255
255
255
255
255
255
255
255
255
255
255
255
255
255
255
255
255
255
255
255
255
255
255
255
255
255
255
255
255
255
255
255
255
255
255
