209
-717.527
-363.113
582.217
-328.396
270.969
603.217
-524.213
-574.921
6.21323
12.3947
-660.406
-112.793
121.997
-318.842
-409.412
-89.0133
194.874
267.814
153.227
465.643
114.605
-162.771
394.406
33.5997
28.8103
33.8684
-158.008
572.71
-247.95
-71.728
-766.434
-152.797
-378.306
-190.847
246.197
-31.0783
49.7294
-225.129
-351.953
-116.544
-450.024
8.17022
-317.97
117.212
261.988
368.059
121.411
332.176
-86.0335
-29.7377
-113.886
94.1908
57.3422
-260.559
134.158
-173.561
35.2762
-95.1136
-302.713
125.946
56.5481
-2.49161
-72.5118
9.4107
183.311
-34.7366
-189.629
46.919
102.378
-130.714
-11.9338
-259.882
-96.2968
228.908
-77.7216
-129.976
90.1285
210.138
44.284
-292.322
-17.5095
122.226
56.247
-126.09
-275.121
73.6445
-131.658
26.6068
34.9602
116.784
19.5208
57.0429
18.0105
107.693
-2.49595
42.1192
1.66651
80.6424
-159.357
12.2982
41.343
59.202
34.247
38.1157
133.466
-193.978
-69.9582
41.7136
-102.35
18.3052
-99.2968
97.8088
-168.094
-38.0282
79.1123
-77.9385
-59.4412
-3.66797
34.5456
263.586
-113.145
-3.64097
176.866
-357.133
-3.27637
-191.468
16.813
93.9975
6.68517
32.9828
-109.847
-1.25763
-201.631
-111.187
182.412
-144.877
168.952
255
255
255
255
255
255
255
255
255
255
255
255
255
255
255
255
255
255
255
255
255
255
255
255
255
255
255
255
255
255
255
255
255
255
255
255
255
255
255
255
255
255
255
255
255
255
255
255
255
255
255
255
255
255
255
255
255
255
255
255
255
255
255
255
255
255
255
255
255
255
255
