209
-473.23
-57.9767
976.517
-147.601
-116.46
-4.35064
-773.977
-730.642
-122.73
-143.339
-576.978
-156.232
47.6434
-407.072
-517.116
-99.2308
125.613
235.334
532.209
377.028
14.4482
38.8637
521.103
14.039
49.1936
-3.80766
-72.1651
587.266
-306.166
-234.492
-759.918
-294.502
-298.17
-168.384
88.4901
88.1218
-45.244
-157.608
-256.648
68.5264
-494.14
14.2001
-360.461
167.599
336.729
450.305
75.7027
241.588
-108.957
102.306
-23.2194
193.829
63.885
-278.524
11.5956
-200.495
-12.8123
-68.4018
-323.89
135.365
57.7869
-20.4284
-115.516
45.618
219.534
-61.5296
-241.516
67.6892
118.204
-150.538
-8.78368
-253.124
-117.483
245.868
-65.022
-131.356
114.89
203.844
34.5567
-310.62
-2.79219
122.771
66.5453
-134.547
-261.758
88.1076
-132.087
34.0322
33.219
108.373
23.2886
66.1026
18.1468
103.08
-2.49595
42.1192
1.66651
80.6424
-159.357
12.2982
41.343
59.202
34.247
38.1157
133.466
-193.978
-69.9582
41.7136
-102.35
18.3052
-99.2968
97.8088
-168.094
-38.0282
79.1123
-77.9385
-59.4412
-3.66797
34.5456
263.586
-113.145
-3.64097
176.866
-357.133
-3.27637
-191.468
16.813
93.9975
6.68517
32.9828
-109.847
-1.25763
-201.631
-111.187
182.412
-144.877
168.952
255
255
255
255
255
255
255
255
255
255
255
255
255
255
255
255
255
255
255
255
255
255
255
255
255
255
255
255
255
255
255
255
255
255
255
255
255
255
255
255
255
255
255
255
255
255
255
255
255
255
255
255
255
255
255
255
255
255
255
255
255
255
255
255
255
255
255
255
255
255
255
