209
-860.598
-170.162
811.662
179.349
-41.0773
102.89
-371.364
-679.441
198.102
-132.396
-469.315
-366.4
91.1366
-255.568
-514.447
-178.525
13.8929
258.455
434.502
376.155
220.16
-15.4401
361.547
145.597
5.18086
130.891
-130.746
474.865
-373.376
-221.224
-804.742
-137.846
-420.695
-263.301
103.722
61.8833
-50.449
-129.44
-352.836
2.53031
-570.16
-12.3423
-365.127
200.469
411.756
488.089
136.123
282.41
-138.646
25.9014
-175.81
162.101
102.16
-281.622
-50.5982
-150.219
35.3548
-130.294
-316.49
197.577
26.4014
-11.6783
-131.712
-65.6436
212.431
-79.158
-187.161
65.9092
103.15
-134.812
17.2033
-265.247
-98.8236
185.455
-54.3446
-107.802
90.3753
176.838
49.331
-292.6
-25.4506
150.398
55.7561
-132.73
-286.374
71.3441
-128.509
25.0623
31.6001
115.77
19.2067
59.6873
18.7708
107.574
-2.49595
42.1192
1.66651
80.6424
-159.357
12.2982
41.343
59.202
34.247
38.1157
133.466
-193.978
-69.9582
41.7136
-102.35
18.3052
-99.2968
97.8088
-168.094
-38.0282
79.1123
-77.9385
-59.4412
-3.66797
34.5456
263.586
-113.145
-3.64097
176.866
-357.133
-3.27637
-191.468
16.813
93.9975
6.68517
32.9828
-109.847
-1.25763
-201.631
-111.187
182.412
-144.877
168.952
255
255
255
255
255
255
255
255
255
255
255
255
255
255
255
255
255
255
255
255
255
255
255
255
255
255
255
255
255
255
255
255
255
255
255
255
255
255
255
255
255
255
255
255
255
255
255
255
255
255
255
255
255
255
255
255
255
255
255
255
255
255
255
255
255
255
255
255
255
255
255
