209
-454.059
-277.836
1005.33
-64.1891
26.6147
-8.72581
-808.414
-545.146
-5.64866
-298.418
-347.355
5.7896
27.6786
-442.621
-353.184
-186.846
91.0143
165.021
419.922
97.0485
-13.5933
223.673
257.019
70.9346
82.5004
-92.9198
26.5721
571.916
-196.974
-105.236
-792.898
-148.452
-423.411
-165.778
179.049
251.296
108.572
-56.1012
-469.561
13.8959
-453.92
87.4862
-265.059
146.478
264.509
492.431
107.616
264.591
-145.296
-14.8111
-47.5213
108.938
-13.5097
-284.962
34.9168
-220.938
-2.00737
-128.162
-318.274
183.5
15.6953
-18.276
-139.828
-44.5587
197.886
-62.458
-182.689
60.5523
70.2343
-169.743
-37.8314
-274.448
-104.617
225.26
-87.4169
-99.8035
97.866
203.884
42.1757
-289.406
-15.7798
123.608
55.9565
-128.399
-282.769
71.4414
-134.069
25.7235
35.9383
116.868
18.3867
57.4566
18.753
107.637
-2.49595
42.1192
1.66651
80.6424
-159.357
12.2982
41.343
59.202
34.247
38.1157
133.466
-193.978
-69.9582
41.7136
-102.35
18.3052
-99.2968
97.8088
-168.094
-38.0282
79.1123
-77.9385
-59.4412
-3.66797
34.5456
263.586
-113.145
-3.64097
176.866
-357.133
-3.27637
-191.468
16.813
93.9975
6.68517
32.9828
-109.847
-1.25763
-201.631
-111.187
182.412
-144.877
168.952
255
255
255
255
255
255
255
255
255
255
255
255
255
255
255
255
255
255
255
255
255
255
255
255
255
255
255
255
255
255
255
255
255
255
255
255
255
255
255
255
255
255
255
255
255
255
255
255
255
255
255
255
255
255
255
255
255
255
255
255
255
255
255
255
255
255
255
255
255
255
255
