209
-1137.37
316.333
1061.02
-362.642
212.137
233.641
-488.506
-496.537
-218.706
138.124
-473.094
-188.287
90.8798
-146.665
-574.658
-194.169
181.169
295.849
305.433
111.157
11.5388
108.247
410.275
66.0904
3.57758
109.542
-300.601
603.989
-290.663
-214.176
-774.618
-166.592
-226.031
-219.878
71.9987
190.887
18.2478
-196.713
-388.273
26.5838
-463.729
-45.3706
-321.749
255.552
346.865
340.09
50.7148
257.102
-130.777
0.43035
-84.3453
199.177
68.2174
-277.897
-20.3977
-200.895
1.63295
-119.985
-284.788
120.915
33.5729
-12.7154
-137.828
42.5309
166.979
-67.2978
-196.026
8.83478
116.78
-149.884
-28.439
-287.83
-73.2978
213.461
-95.7445
-83.5554
103.688
223.663
27.172
-277.292
-10.4778
132.637
50.5131
-149.429
-289.183
67.298
-141.805
30.0284
29.5386
111.568
20.4852
55.0264
18.1115
108.14
-2.49595
42.1192
1.66651
80.6424
-159.357
12.2982
41.343
59.202
34.247
38.1157
133.466
-193.978
-69.9582
41.7136
-102.35
18.3052
-99.2968
97.8088
-168.094
-38.0282
79.1123
-77.9385
-59.4412
-3.66797
34.5456
263.586
-113.145
-3.64097
176.866
-357.133
-3.27637
-191.468
16.813
93.9975
6.68517
32.9828
-109.847
-1.25763
-201.631
-111.187
182.412
-144.877
168.952
255
255
255
255
255
255
255
255
255
255
255
255
255
255
255
255
255
255
255
255
255
255
255
255
255
255
255
255
255
255
255
255
255
255
255
255
255
255
255
255
255
255
255
255
255
255
255
255
255
255
255
255
255
255
255
255
255
255
255
255
255
255
255
255
255
255
255
255
255
255
255
