209
-590.06
107.078
1379.82
-137.999
-46.3351
161.12
-543.26
-659.629
66.667
-98.8554
-591.255
41.3154
95.9552
-319.665
-578.506
6.15884
5.88448
204.418
349.08
261.768
138.297
114.228
247.985
10.9816
-25.809
-26.9658
-255.727
524.748
-320.816
-98.2224
-817.589
-110.119
-368.172
-57.8148
52.7886
144.376
-10.5236
-122.077
-366.307
-40.764
-442.152
77.4431
-430.648
218.175
298.016
438.126
40.044
344.302
-87.9274
17.2153
-162.545
112.088
87.9102
-321.352
-36.5564
-220.896
32.1831
-125.68
-264.037
190.089
-9.30437
-10.6767
-141.078
50.6144
179.662
-64.4677
-192.212
55.0578
70.1817
-109.282
11.5994
-270.153
-114.481
241.008
-37.971
-132.999
70.2177
215.461
63.9261
-294.103
-4.8968
114.902
45.3205
-130.544
-258.898
70.0783
-145.656
41.8537
29.881
117.608
24.9193
53.5842
15.0274
107.612
-2.49595
42.1192
1.66651
80.6424
-159.357
12.2982
41.343
59.202
34.247
38.1157
133.466
-193.978
-69.9582
41.7136
-102.35
18.3052
-99.2968
97.8088
-168.094
-38.0282
79.1123
-77.9385
-59.4412
-3.66797
34.5456
263.586
-113.145
-3.64097
176.866
-357.133
-3.27637
-191.468
16.813
93.9975
6.68517
32.9828
-109.847
-1.25763
-201.631
-111.187
182.412
-144.877
168.952
255
255
255
255
255
255
255
255
255
255
255
255
255
255
255
255
255
255
255
255
255
255
255
255
255
255
255
255
255
255
255
255
255
255
255
255
255
255
255
255
255
255
255
255
255
255
255
255
255
255
255
255
255
255
255
255
255
255
255
255
255
255
255
255
255
255
255
255
255
255
255
