209
-606.975
93.0657
1339.96
-196.179
82.8903
192.055
-557.912
-641.261
50.9006
-143.783
-597.875
49.3693
54.7408
-361.688
-570.388
42.2018
122.31
88.234
391.047
361.492
231.513
128.181
333.246
16.1507
-64.2174
-106.202
-89.7308
471.215
-291.857
-142.653
-832.283
-148.701
-251.985
-73.3932
155.946
108.076
-57.0234
-171.198
-452.772
23.6818
-456.561
57.6675
-369.601
123.412
272.432
431.156
175.488
296.156
-153.087
15.6151
-107.883
193.513
112.768
-287.733
-35.1623
-164.823
-12.9002
-115.992
-311.972
118.813
-82.348
63.7777
-75.059
-9.43745
145.985
-61.1056
-218.701
46.9372
158.211
-126.917
-16.3938
-302.588
-98.7729
234.452
-98.7962
-117.189
90.7151
222.345
26.3409
-302.334
-39.1868
147.699
67.7314
-128.239
-274.904
76.5092
-120.33
26.0429
39.5398
111.565
22.0013
56.875
16.5365
107.804
-2.49595
42.1192
1.66651
80.6424
-159.357
12.2982
41.343
59.202
34.247
38.1157
133.466
-193.978
-69.9582
41.7136
-102.35
18.3052
-99.2968
97.8088
-168.094
-38.0282
79.1123
-77.9385
-59.4412
-3.66797
34.5456
263.586
-113.145
-3.64097
176.866
-357.133
-3.27637
-191.468
16.813
93.9975
6.68517
32.9828
-109.847
-1.25763
-201.631
-111.187
182.412
-144.877
168.952
255
255
255
255
255
255
255
255
255
255
255
255
255
255
255
255
255
255
255
255
255
255
255
255
255
255
255
255
255
255
255
255
255
255
255
255
255
255
255
255
255
255
255
255
255
255
255
255
255
255
255
255
255
255
255
255
255
255
255
255
255
255
255
255
255
255
255
255
255
255
255
