209
-957.813
104.543
1091.46
-1.03064
17.4187
408.518
-380.324
-668.933
-33.117
-172.81
-696.565
-63.6226
-30.1194
-210.216
-443.095
-80.402
75.148
139.174
349.766
208.586
105.77
6.0359
550.874
60.9161
132.837
-27.411
-74.7953
564.637
-499.891
-191.667
-877.385
-187.055
-323.514
-237.793
194.24
252.038
-22.0799
-184.222
-292.823
41.2545
-460.019
82.5798
-304.979
247.184
299.938
499.574
119.952
330.698
-153.443
-55.2823
-54.4529
192.892
101.916
-271.4
32.3418
-138.529
-65.6625
-198.7
-227.583
167.08
16.8683
-24.6926
-123.194
-26.9759
136.544
-55.9239
-217.284
39.6418
113.921
-105.26
-6.56029
-252.631
-107.749
229.012
-81.232
-143.219
108.973
217.875
58.6367
-306.944
-2.46756
113.272
49.3651
-123.948
-281.79
80.909
-124.106
36.4853
30.7651
114.92
12.6871
55.0538
22.0426
108.648
-2.49595
42.1192
1.66651
80.6424
-159.357
12.2982
41.343
59.202
34.247
38.1157
133.466
-193.978
-69.9582
41.7136
-102.35
18.3052
-99.2968
97.8088
-168.094
-38.0282
79.1123
-77.9385
-59.4412
-3.66797
34.5456
263.586
-113.145
-3.64097
176.866
-357.133
-3.27637
-191.468
16.813
93.9975
6.68517
32.9828
-109.847
-1.25763
-201.631
-111.187
182.412
-144.877
168.952
255
255
255
255
255
255
255
255
255
255
255
255
255
255
255
255
255
255
255
255
255
255
255
255
255
255
255
255
255
255
255
255
255
255
255
255
255
255
255
255
255
255
255
255
255
255
255
255
255
255
255
255
255
255
255
255
255
255
255
255
255
255
255
255
255
255
255
255
255
255
255
