209
-556.722
-289.171
663.111
209.294
-48.5681
268.367
-717.568
-462.698
-121.159
-59.0234
-652.898
-253.404
79.2474
-425.146
-582.47
-199.092
243.382
250.385
313.99
416.072
301.804
0.288022
328.091
77.7827
128.043
31.7466
-60.5582
488.835
-574.104
-169.794
-876.937
5.10783
-256.633
-161.45
61.11
221.514
-44.2909
-152.829
-484.287
53.7046
-411.41
-38.6399
-396.976
182.23
291.81
412.481
-33.1935
306.522
-85.6823
19.2999
-55.6967
99.719
79.5149
-271.849
0.299853
-207.898
-49.5502
-115.827
-280.318
192.447
-9.58299
8.53987
-79.6405
5.23161
162.274
-45.3517
-230.077
78.0593
98.9899
-166.309
-28.2444
-252.518
-51.2904
244.973
-71.1931
-113.836
104.366
211.947
44.769
-280.576
-11.2982
139.342
52.3078
-118.885
-276.025
85.3102
-138.321
22.4953
30.3844
119.671
20.8245
58.5571
17.5013
105.796
-2.49595
42.1192
1.66651
80.6424
-159.357
12.2982
41.343
59.202
34.247
38.1157
133.466
-193.978
-69.9582
41.7136
-102.35
18.3052
-99.2968
97.8088
-168.094
-38.0282
79.1123
-77.9385
-59.4412
-3.66797
34.5456
263.586
-113.145
-3.64097
176.866
-357.133
-3.27637
-191.468
16.813
93.9975
6.68517
32.9828
-109.847
-1.25763
-201.631
-111.187
182.412
-144.877
168.952
255
255
255
255
255
255
255
255
255
255
255
255
255
255
255
255
255
255
255
255
255
255
255
255
255
255
255
255
255
255
255
255
255
255
255
255
255
255
255
255
255
255
255
255
255
255
255
255
255
255
255
255
255
255
255
255
255
255
255
255
255
255
255
255
255
255
255
255
255
255
255
