209
4868.87
0
0
0
0
0
0
0
0
0
0
0
0
0
0
0
0
0
0
0
0
0
0
0
0
0
0
0
0
0
0
0
0
0
-2.39678e-05
-0.00340342
-0.0292391
-0.0280228
-0.0314261
-0.00366883
-0.0654558
3.34091e-05
0
0
0
-0.157384
-0.0785668
0.0776894
0.145703
0.0800849
-0.0247009
-0.0778232
0.00343827
0
0
0
0.009823
0.0164533
-0.0538373
-0.247871
0.0544472
-0.0606307
-0.0533144
0.144496
0.0633167
-0.0138592
0
-0.0188026
0.101302
-0.0667042
-0.189609
0.118995
0.146568
-0.0211871
0.0731423
-0.00212221
0
0
-0.0632395
-0.180635
0.0218707
-0.0287572
-0.0542907
0.0386473
0.149949
-0.017573
-0.118513
-0.0850431
0
0.150668
-0.10361
-0.0355061
0.0666666
-0.139547
-0.0625315
0.312041
-0.0698942
-0.00913789
-0.0773726
0
0.168224
0.194055
0.0410695
-0.00161968
-0.087144
-0.112173
-0.0558165
0.0288821
-0.0330167
-0.0526934
0
-0.189053
-0.091668
0.148029
-0.0534464
0.00858307
0.152342
-0.264561
0.00734537
-0.05481
-0.0260132
0
-0.113092
0.0274451
0.0854088
-0.00827473
-0.0491789
0.0282361
-0.00571201
0.0998338
-0.065314
-0.00266802
0
-0.0414648
-0.0105322
-0.00982861
0.00637089
-0.0516819
-0.0126466
0.13255
0.0319322
-0.014621
0
0
-0.0151047
0.0585999
-0.121364
0.0646231
0.0864758
-0.125669
0.0444904
-0.129326
0.0411315
0.055558
0
-0.0378633
0.0871308
-0.0645101
-0.0319145
-0.110017
-0.0519812
0.0589509
-0.0105602
0
0
0
-0.00944246
0.0280543
-0.104971
-0.0290211
-0.0169639
-0.00479345
0.0705328
0
0
0
0
0.0184425
0.0271645
0.04064
-0.0363499
-0.0293937
0.0672763
0.0554781
0.0551623
0
0
0
-0.0333782
-0.0378287
-0.0378287
-0.0378287
-0.0378287
-0.0378287
-0.0378287
-0.0378287
-0.0378287
-0.0333782
0
0
0
0
0
0
0
0
0
0
0
0
