209
-1.55107e-12
0
0
0
0
0
0
0
0
0
0
0
0
0
0
0
0
0
0
0
0
0
0
0
0
0
0
0
0
0
0
0
0
0
0.0106444
-0.205693
0.0336806
-0.0383196
-0.0283576
0.054522
-0.0986929
0.0198549
0
0
0
0.017509
-0.00733317
-0.0198521
0.0252172
-0.0434659
0.096856
-0.0245914
-0.0931596
0
0
0
-0.0135146
-0.0381939
0.030663
0.0301434
0.0335127
0.0325574
-0.0409823
0.0254508
-0.0349217
0.19509
0
0.0827481
-0.0254726
0.0273147
-0.0656118
0.0878369
-0.0345115
-0.0294307
0.0143501
-0.222051
0
0
-0.0724205
0.0151302
-0.0205191
0.017782
-0.0341586
0.0416666
0.054158
-0.0114446
-0.0271408
0.0600598
0
0.0351244
0.0216769
-0.040902
0.0939287
-0.00392395
-0.0181457
-0.0119583
0.0794905
-0.00672741
0.102503
0
0.0429267
-0.0761192
0.0326923
-0.0781213
0.0338724
-0.0129118
0.0576608
-0.0838177
0.04207
0.114999
0
-0.0650256
0.12906
-0.02799
-0.0280539
-0.00692394
0.00453117
-0.0142557
0.00294372
-0.0924952
0.0444451
0
0.0744876
-0.064638
0.0877043
0.00533369
0.0858489
-0.0294478
0.04418
0.0612362
0.0304528
0.00132731
0
-0.0347341
0.0102506
-0.0295396
0.0437798
-0.0430546
0.0264009
-0.0359952
-0.0160768
-0.0855034
0
0
-0.00634284
0.0307639
0.00289687
-0.0946328
0.0209178
-0.0413895
0.0645638
-0.0962516
-0.0370381
-0.06891
0
0.000161962
0.049853
-0.0189094
-0.268726
-0.00776329
0.295306
0.0444191
-0.0370207
0
0
0
-0.0658305
0.0722466
-0.0401509
0.112307
0.0158644
-0.196298
-0.346872
0
0
0
0
0.0502723
-0.0467781
-0.111739
0.0318465
0.0506638
0.434291
-0.0766304
-0.149093
0
0
0
0.000475857
0.0134612
0.0518147
-0.0100866
0.0510062
-0.0125641
0.0236512
-0.0115422
-0.0397287
-0.0752892
0
0
0
0
0
0
0
0
0
0
0
0
