209
2.36821e-13
0
0
0
0
0
0
0
0
0
0
0
0
0
0
0
0
0
0
0
0
0
0
0
0
0
0
0
0
0
0
0
0
0
0.0426223
0.0193249
0.00899352
0.0191626
0.0856629
0.0391659
-0.0107513
0.073073
0
0
0
0.00466124
-7.68442e-06
0.00878806
0.00405732
-0.0208914
0.0035401
-0.0109489
0.0169826
0
0
0
0.00291807
-0.00526246
-0.00200418
0.000825247
-0.00848846
0.0144175
0.0112636
-0.0128824
0.000366128
0.141228
0
-0.00475593
0.00491168
-8.67228e-06
0.00355599
0.0231501
-0.00593795
-0.0182011
-0.00281566
-0.150917
0
0
0.00566074
-0.0175905
-0.00344232
0.00274293
-0.00132908
-0.012019
0.00656518
0.020271
0.035283
0.322877
0
0.00339525
0.00845346
0.00147179
0.00359264
-0.00921492
0.0144467
-0.00503524
-0.0179426
0.057021
0.172297
0
-0.0094986
0.0112832
-0.00618939
0.00161459
0.00209096
0.00142652
-0.000727282
0.0158125
0.338979
-0.422335
0
0.0124821
0.000408327
0.00610106
-0.00348175
0.00120441
-0.00431262
-0.0107802
0.00197007
0.0472449
-0.272469
0
-0.00357456
0.0126676
0.0167079
-0.0171459
0.0103388
-0.00659794
0.00773555
-0.0125103
-0.453657
-0.0954237
0
0.0162093
-0.00924378
0.00422453
-0.000299793
-0.0196176
-0.0107966
-0.000425844
-0.00682637
0.0819031
0
0
-0.00864604
0.00180885
-0.00351912
0.0105004
-0.00257308
0.00190603
-0.00372501
0.0147615
-0.000998107
0.0487046
0
-0.0104413
-0.00904605
-0.0095925
0.0354346
-0.0138197
0.0192863
-0.0362299
-0.00748103
0
0
0
-0.00879294
-0.000335378
-0.00806236
0.0767731
0.0258203
-0.00880094
0.0331179
0
0
0
0
-0.162029
0.133169
0.0294179
-0.0819701
0.000440592
-0.0242191
0.0561641
-0.0467624
0
0
0
-0.026173
0.0680393
0.0709492
0.212086
0.138893
-0.122113
-0.0375259
-0.168642
-0.1038
-0.0394325
0
0
0
0
0
0
0
0
0
0
0
0
