209
-4.63547e-12
0
0
0
0
0
0
0
0
0
0
0
0
0
0
0
0
0
0
0
0
0
0
0
0
0
0
0
0
0
0
0
0
0
-0.00282117
0.0495014
-0.0519825
-0.131554
-0.13806
0.00788108
0.109945
0.00658125
0
0
0
0.0211002
-0.0691596
0.0650993
-0.0484401
0.0304357
0.107376
-0.177389
-0.127543
0
0
0
0.082199
-0.0977108
-0.0564771
0.0445814
0.0217987
-0.0869392
0.141313
-0.0934986
-0.161615
0.0930117
0
-0.00589813
0.125573
0.0686059
-0.188358
0.105363
0.0104408
-0.155449
0.142708
0.138945
0
0
0.0130176
-0.114709
0.0570446
0.115543
-0.0236147
-0.102382
0.052574
0.0675094
-0.0668006
-0.115158
0
0.0762957
0.0244544
0.0467736
-0.0159676
-0.0319953
-0.0271035
-0.0337442
-0.00968719
0.00152573
-0.0860682
0
-0.128555
-0.0151589
-0.0449901
0.0747181
-0.0487804
0.0900792
0.0726875
0.0413459
-0.0332546
-0.0431767
0
-0.00291723
0.179089
-0.108327
0.0193103
-0.0618162
-0.0229128
-0.112098
0.0602937
0.361561
-0.0290905
0
0.0655097
0.104854
0.135771
-0.0981517
0.0685188
0.0302634
0.0232293
-0.123146
-0.00972153
-0.000895831
0
0.127097
-0.0319172
0.0495462
0.0646376
-0.0864525
-0.0525834
-0.0914547
-0.186947
0.10807
0
0
-0.066668
-0.0273025
-0.0500642
0.0656809
-0.026856
0.0712495
0.0134641
0.0714795
0.0881174
0.0581449
0
-0.217633
-0.0884878
-0.155435
0.00908682
0.0576734
-0.00224565
-0.0416654
0.0727888
0
0
0
0.0435453
-0.0446087
0.0415759
0.0552662
0.0686257
0.00523906
-0.139351
0
0
0
0
0.0310938
0.0366174
-0.0498456
0.0365736
0.00528019
0.0214734
0.0675721
0.0177152
0
0
0
-0.00278092
-0.029411
-0.0125704
0.00915561
-0.0084286
0.00645511
0.00370748
0.0138084
0.00844732
0.0127952
0
0
0
0
0
0
0
0
0
0
0
0
