209
471.923
0
0
0
0
0
0
0
0
0
0
0
0
0
0
0
0
0
0
0
0
0
0
0
0
0
0
0
0
0
0
0
0
0
-0.000206679
-0.0293485
-0.103286
-0.163226
0.0125271
0.00873468
0.19327
0.00442764
0
0
0
0.102801
-0.0721729
-0.174746
0.0734885
0.111976
0.025311
-0.0819746
-0.0952932
0
0
0
0.00486824
-0.0468419
0.142369
-0.0783618
-0.00882834
-0.143388
-0.159118
0.0683323
0.000280348
-0.0883522
0
-0.0749571
-0.0605761
-0.176012
0.129035
0.0509502
0.0373564
0.0624851
0.144896
-0.0694468
0
0
-0.0215707
-0.076207
-0.00946486
-0.0468744
0.0488434
-0.0470996
0.128138
-0.0283144
0.0328731
-0.0420313
0
0.0100404
0.152894
-0.0792637
0.122994
-0.0496642
0.177265
-0.091794
-0.0904956
0.00444272
-0.0382403
0
-0.169349
0.0457617
0.0257324
0.119137
-0.113904
-0.027155
-0.00480129
-0.035664
-0.0163181
-0.0260429
0
0.0201554
0.00854432
-0.0378729
0.00594965
0.0184506
-0.0506337
0.0508532
-0.0187382
0.0494401
-0.0128566
0
0.124192
-0.0382971
0.0884473
0.062981
0.00720112
0.0125693
-0.117638
0.219838
-0.0677468
-0.00131863
0
-0.0244519
-0.194678
0.013224
-0.103913
-0.0243573
-0.00770558
0.266855
0.0610087
-0.119778
0
0
0.0453131
0.037981
-0.0204533
0.0226403
0.0287757
-0.0332992
-0.208008
0.0687481
-0.174217
-0.116095
0
0.0295217
0.0298742
-0.027707
0.0837158
-0.017551
0.0568438
-0.00514773
0.0419739
0
0
0
-0.00273288
-0.0502825
0.273347
0.090012
0.0156374
-0.0259398
-0.0215333
0
0
0
0
-0.0519845
-0.0774429
-0.106308
0.063703
0.064683
-0.0170988
0.0107142
0.0113907
0
0
0
-0.00321457
-0.00364318
-0.00364318
-0.00364318
-0.00364318
-0.00364318
-0.00364318
-0.00364318
-0.00364318
-0.00321457
0
0
0
0
0
0
0
0
0
0
0
0
