209
-1.56942e-12
0
0
0
0
0
0
0
0
0
0
0
0
0
0
0
0
0
0
0
0
0
0
0
0
0
0
0
0
0
0
0
0
0
-0.00462922
0.0473351
-0.128309
-0.0297112
0.19742
-0.0320535
-0.0552425
-0.00635496
0
0
0
-0.0101866
0.016446
0.00996455
0.0139935
0.0014468
0.00167494
0.0237467
-0.0519039
0
0
0
0.0127947
-0.0110554
-0.00184821
-0.0170892
0.0352073
0.0186687
-0.0268423
0.0283985
-0.0318807
-0.0646104
0
-0.0229281
-0.0117356
0.0187716
0.00410795
0.0120338
-0.050383
0.00851872
0.00839489
0.0686935
0
0
-0.0108809
-0.0079117
0.0308091
-0.000452225
0.00510201
0.021747
0.0267795
-0.00940432
-0.0460487
0.0348513
0
0.0125257
0.00610112
0.00672227
0.0103138
0.0290895
0.0200571
0.00503805
-0.015984
0.00631655
0.0774706
0
-0.0115631
-0.0106977
-0.0110185
0.00363198
0.0110292
-0.0124762
0.0310944
0.0191362
0.00229526
0.00749804
0
-0.0400686
0.00308962
0.0156074
0.0192282
-0.0243529
0.00244858
-0.0630801
0.028067
0.0972273
0.022039
0
0.0284735
-0.025205
-0.0674636
0.0122138
-0.0991243
-0.0131447
-0.00835478
-0.0286837
-0.00123326
-0.00126286
0
-0.0420774
0.0254904
0.0114606
-0.0395286
0.0961452
0.0629598
-0.0108692
0.0188695
0.0532599
0
0
0.0310989
-0.0149287
0.0127965
0.0126789
-0.0742897
0.0253396
-0.0120458
-0.0218006
-0.0340013
0.00318303
0
0.0209328
0.0384323
-0.0375298
0.125049
0.129738
-0.359205
0.000552612
0.174269
0
0
0
0.0343138
-0.104781
0.0759358
-0.0590283
0.0734783
0.0711893
0.114785
0
0
0
0
0.180183
0.159097
-0.235049
-0.332731
0.20151
0.418192
-0.348459
-0.180994
0
0
0
-0.0127027
-0.00341416
0.00840491
0.00734088
0.00192641
0.0172452
-0.0229876
0.00502612
-0.0186425
0.0184835
0
0
0
0
0
0
0
0
0
0
0
0
