209
2868.1
0
0
0
0
0
0
0
0
0
0
0
0
0
0
0
0
0
0
0
0
0
0
0
0
0
0
0
0
0
0
0
0
0
-4.11128e-05
-0.00583802
-0.0623451
0.0211028
-0.00505497
-0.00236016
-0.0435505
-0.000152234
0
0
0
-0.201095
-0.170239
0.195572
0.0632745
-0.0547335
-0.0407996
-0.120307
0.00106655
0
0
0
-0.0195673
-0.0276932
0.094995
0.00901571
0.0474705
0.00713384
-0.0231458
0.0331166
-0.130362
-0.0813066
0
-0.0176579
-0.00474016
0.0541463
-0.130845
0.0276856
0.149906
0.0592535
-0.064984
-0.0575591
0
0
-0.0796672
0.0409168
-0.00376012
-0.181259
0.135757
0.0901772
0.0133003
0.151853
0.0273129
0.0176347
0
-0.156013
-0.012114
-0.0579388
0.106076
0.213448
0.00207917
0.0550482
-0.00396918
0.00319826
0.0160441
0
-0.0389931
0.150067
-0.134968
-0.117226
-0.126806
0.160363
0.089783
-0.0281153
0.0068464
0.0109266
0
0.0721587
0.0784897
0.037358
-0.0824899
-0.0623842
-0.0444037
0.0553338
0.00745261
0.00122352
0.00539413
0
0.036219
0.0122002
-0.065644
0.0944553
0.0646197
-0.0634508
0.00745909
0.00956327
0.0108157
0.000553244
0
0.123004
-0.242035
0.0811166
0.0504215
-0.122908
-0.228975
-0.163523
0.13126
-0.0106999
0
0
0.257488
-0.153341
-0.0958067
-0.0227957
-0.0519328
0.0773524
0.128405
-0.0930458
-0.0485937
-0.0225622
0
0.187326
-0.150654
0.0352316
0.0637126
0.0281311
-0.0203587
0.00542046
-0.0231053
0
0
0
0.129283
0.0816493
0.0580458
0.021013
0.00181912
0.00396438
0.0414893
0
0
0
0
-0.0186124
-0.0133615
-0.00704462
0.0334545
0.033991
0.0403987
0.0344322
0.0342842
0
0
0
-0.00841239
-0.00953404
-0.00953404
-0.00953404
-0.00953404
-0.00953404
-0.00953404
-0.00953404
-0.00953404
-0.00841239
0
0
0
0
0
0
0
0
0
0
0
0
