209
1774.14
0
0
0
0
0
0
0
0
0
0
0
0
0
0
0
0
0
0
0
0
0
0
0
0
0
0
0
0
0
0
0
0
0
-0.000270617
-0.0384276
0.0423039
0.0454642
-0.0834972
-0.0092296
-0.174429
-0.00109152
0
0
0
0.127853
-0.0596631
-0.262334
0.171648
0.0680516
-0.0104329
-0.140227
0.111607
0
0
0
-0.132335
-0.128347
0.0929725
-0.0696097
0.029378
0.125084
0.0601967
0.113167
-0.0329474
-0.0262845
0
0.0765545
0.187502
-0.0624915
-0.0272115
-0.196712
-0.040449
-0.0678117
-0.114354
-0.0159434
0
0
0.0834918
-0.0746838
-0.0252826
0.0915979
-0.0242913
-0.0448612
0.0426428
-0.123667
0.0991933
0.0375975
0
-0.0792326
0.052312
0.0603049
-0.152631
0.0651787
0.119237
0.00969837
0.190632
0.00846267
0.0342063
0
-0.0956972
-0.148453
-0.0232313
0.124731
0.0176299
0.0183192
0.186987
0.278905
0.0145967
0.0232957
0
-0.0509054
-0.0149975
0.153297
-0.0449017
0.017616
0.117769
-0.0911956
-0.129697
-0.00164463
0.0115004
0
0.129709
-0.0202458
-0.0839817
-0.0425291
-0.0703811
-0.0475511
-0.114202
-0.0397624
0.0218431
0.00117953
0
0.0569992
-0.0758672
-0.0278571
0.0269044
-0.0555221
-0.172853
0.056068
-0.0484819
-0.00923007
0
0
-0.0569042
0.11123
-0.0761432
-0.119975
0.0663349
0.0125143
0.142861
-0.0588159
0.0472316
-0.0530255
0
-0.0310738
-0.0660501
0.0996441
0.0800683
0.00401984
-0.0487185
0.0134194
0.026125
0
0
0
0.0622029
0.0469244
0.0406408
0.0630465
-0.0347606
-0.102858
0.0338572
0
0
0
0
0.0601235
0.0126535
-0.0268831
-0.0757589
-0.0448869
0.0352065
0.078027
0.0789536
0
0
0
-0.00219239
-0.0024847
-0.0024847
-0.0024847
-0.0024847
-0.0024847
-0.0024847
-0.0024847
-0.0024847
-0.00219239
0
0
0
0
0
0
0
0
0
0
0
0
