209
697.091
0
0
0
0
0
0
0
0
0
0
0
0
0
0
0
0
0
0
0
0
0
0
0
0
0
0
0
0
0
0
0
0
0
0.000338991
0.0481367
-0.0997657
0.0504776
0.0410898
0.00433051
0.0851952
0.000915896
0
0
0
-0.115348
0.129842
0.0841865
-0.0718461
0.0444765
-0.0274412
0.0822222
0.0024154
0
0
0
0.027447
0.032214
0.139894
-0.0934524
-0.0274199
0.203724
-0.0604885
-0.248543
0.0885758
-0.0429266
0
-0.129157
0.0792104
-0.20048
0.0111194
-0.0869529
-0.049904
0.0322564
0.142851
-0.00946275
0
0
0.250105
-0.113087
0.118018
0.0267037
0.149475
-0.171763
-0.0458641
-0.0741246
-0.0551336
0.0151511
0
-0.135967
-0.104973
-0.0438305
0.0376683
0.00984598
-0.00667527
0.0776213
0.0248252
-0.00326414
0.0137845
0
-0.0904941
0.147286
0.0667572
-0.152378
-0.0802064
0.116024
0.0848086
-0.012587
0.00588219
0.00938774
0
-0.11019
-0.0601697
0.0249462
0.0426371
-0.00686709
-0.0504291
-0.0407528
0.0127311
0.0996334
0.00463445
0
0.257982
-0.099971
0.128196
0.0724101
-0.000439364
-0.0545138
-0.121296
0.0532128
-0.0204333
0.000475329
0
-0.0127461
0.210791
-0.169901
-0.0846598
0.0325644
0.0166662
-0.0567464
-0.00874535
-0.0644741
0
0
-0.0131624
-0.0695348
0.0105212
-0.102663
0.0192007
-0.0661522
0.148533
-0.0888243
0.00351478
-0.139703
0
-0.0627224
-0.179641
-0.0815953
0.0086935
0.00164491
0.086011
0.0212828
0.0272086
0
0
0
-0.0190734
0.100107
-0.112685
-0.0512058
0.0100642
0.0181057
-0.0549492
0
0
0
0
-0.0161967
-0.0187541
-0.0270835
-0.0417621
-0.0527034
-0.0518737
-0.0456437
-0.0454485
0
0
0
-0.00283158
-0.00320912
-0.00320912
-0.00320912
-0.00320912
-0.00320912
-0.00320912
-0.00320912
-0.00320912
-0.00283158
0
0
0
0
0
0
0
0
0
0
0
0
