209
210.327
0
0
0
0
0
0
0
0
0
0
0
0
0
0
0
0
0
0
0
0
0
0
0
0
0
0
0
0
0
0
0
0
0
0.00205089
0.291227
-0.107998
0.158936
-0.0565249
-0.005341
-0.107307
-0.00139832
0
0
0
-0.000146812
-0.0225776
-0.0789714
-0.120011
0.0553077
0.108884
0.00178732
-0.108355
0
0
0
0.0271559
-0.00475598
0.0658071
-0.0521715
-0.0439721
-0.165067
0.105225
-0.131616
-0.0977527
0.0102839
0
0.0486129
0.0183157
-0.267607
0.0983207
0.197028
0.0353234
-0.0323377
0.0923182
0.00246494
0
0
-0.0248445
0.178682
-0.082942
0.0279784
-0.0824009
0.00286766
-0.0601034
0.0228963
0.00450382
-0.0467263
0
-0.0381104
-0.108189
0.0730852
0.0108493
-0.00510167
-0.0450047
0.0298768
-0.0392331
-0.000379178
-0.0425118
0
0.0870834
-0.117636
0.0752958
0.0645358
-0.0900896
0.147471
-0.133044
0.15736
-0.0181408
-0.028952
0
-0.0555232
-0.00868185
0.0180613
-0.0213781
-0.0252724
0.0865481
0.0314214
-0.0268935
-0.00132899
-0.0142928
0
0.108566
0.115884
-0.0562631
-0.0613878
0.166133
-0.157514
0.131402
-0.0848681
-0.0311095
-0.00146592
0
-0.0778017
-0.120626
0.133217
-0.0450871
-0.0465562
0.0987031
-0.0340995
0.168673
-0.00268995
0
0
0.0443028
-0.00498914
0.162718
-0.192155
0.13935
-0.134812
0.073122
-0.134105
-0.146443
0.0498606
0
-0.00104705
-0.0167514
0.0888089
-0.0328141
-0.0166502
-0.0705384
0.113154
-0.0378191
0
0
0
-0.108137
-0.0291224
0.0455001
0.0374897
-0.0241596
-0.0682217
-0.0527952
0
0
0
0
0.0714268
0.0403887
0.0147917
-0.0552747
-0.0345729
-0.052036
-0.0241987
-0.0235987
0
0
0
-0.00232221
-0.00263183
-0.00263183
-0.00263183
-0.00263183
-0.00263183
-0.00263183
-0.00263183
-0.00263183
-0.00232221
0
0
0
0
0
0
0
0
0
0
0
0
