209
5757.95
0
0
0
0
0
0
0
0
0
0
0
0
0
0
0
0
0
0
0
0
0
0
0
0
0
0
0
0
0
0
0
0
0
0.000127947
0.0181684
0.0195187
-0.0870938
0.0524171
-0.00365218
-0.0652149
2.6494e-05
0
0
0
0.0405482
0.0455448
-0.0142694
-0.18248
-0.0697388
0.122192
0.066397
0.0364361
0
0
0
-0.300665
-0.0425784
0.0444365
0.0963345
-0.0728001
-0.0595419
0.134062
-0.0326592
0.0241542
-0.0491163
0
-0.019006
0.0616716
0.0352034
0.0200923
0.0339024
0.0522303
0.163006
-0.0299094
-0.0253469
0
0
-0.0543584
0.0813834
0.0604779
0.0127636
-0.0820087
0.0441069
0.0896132
-0.15727
-0.000988114
-0.00126016
0
0.0512839
0.0368296
-0.00541656
0.151771
0.080783
0.07117
0.0721395
0.0744008
0.000865435
-0.0011465
0
-0.0346779
-0.0256312
-0.126821
-0.00831424
0.0263315
-0.0912613
-0.137432
0.0877061
-0.000489239
-0.000780805
0
-0.191302
-0.0261442
0.0610959
0.113198
-0.00279093
-0.0551744
-0.24525
-0.107187
-0.0527479
-0.000385461
0
-0.00528436
-0.067883
0.0171683
-0.00553566
-0.0614524
0.0830264
0.0559392
-0.0226814
0.00479946
-3.95344e-05
0
0.266376
0.0729506
0.0478833
-0.0235863
-0.0917731
0.13998
0.0750771
-0.0264729
0.0196778
0
0
0.11541
-0.291131
0.0354512
0.0204213
-0.0519756
-0.0653701
-0.0903205
0.0474143
0.0962168
0.024167
0
0.0168404
-0.214438
0.0977309
0.0777737
0.00609325
0.110209
-0.024861
0.0386583
0
0
0
0.00942118
-0.00584257
0.0692425
0.0118307
0.0244447
0.017116
-0.084256
0
0
0
0
0.00961629
0.00144416
-0.0144915
0.030767
0.01752
-0.0796017
-0.0664528
-0.0660793
0
0
0
-0.0878048
-0.0995121
-0.0995121
-0.0995121
-0.0995121
-0.0995121
-0.0995121
-0.0995121
-0.0995121
-0.0878048
0
0
0
0
0
0
0
0
0
0
0
0
