209
3.12239e-14
0
0
0
0
0
0
0
0
0
0
0
0
0
0
0
0
0
0
0
0
0
0
0
0
0
0
0
0
0
0
0
0
0
-0.0934477
-0.00967485
0.0573046
0.0404037
0.140328
0.140466
0.0174816
-0.0229401
0
0
0
0.0160893
-0.021772
0.00945212
-0.0102859
-0.0100331
-0.0217157
-0.0202475
0.0752201
0
0
0
-0.0109165
0.00857626
-0.0169738
-0.00466035
-0.0252066
0.0124461
0.0273133
-0.0374436
0.0282818
0.0897761
0
0.00431419
0.0161903
-0.0179225
0.0105302
-0.00265224
0.0222827
-0.00451253
0.0086705
0.0119306
0
0
0.0215311
0.00132647
-0.0292017
0.010967
-0.00584543
-0.0261661
-0.0213774
0.00909545
0.0266539
-0.105432
0
-0.0212306
-0.00139371
-0.00150554
-0.0123367
-0.0235507
0.00778797
-0.0049658
-0.0034261
0.251589
-0.019859
0
-0.0100547
0.0319041
-0.0152401
0.0244061
-0.014951
0.0143866
-0.030451
-0.0173997
-0.0972708
0.229088
0
0.0468158
-0.0389049
0.0135259
-0.0146497
0.015586
-0.00261389
0.0293716
-0.00134167
-0.0506587
-0.209587
0
-0.0271816
0.0330169
0.0423685
-0.019221
0.066804
0.0152854
0.00656377
0.00622057
-0.121778
0.23887
0
0.0383357
-0.020404
0.0167646
0.0005072
-0.0646697
-0.062543
0.0162029
-0.0175688
-0.00650045
0
0
-0.0151445
-0.00253206
-0.012249
0.0274096
0.029842
-0.00701108
-0.0110966
0.0438632
0.0185103
-0.0113609
0
-0.0238638
-0.0416393
0.0230387
-0.0187412
-0.0327409
-0.0252116
0.0400118
0.0504372
0
0
0
-0.0187912
0.0468947
-0.034478
-0.0658204
-0.0252023
-0.0276093
-0.128934
0
0
0
0
0.00172629
-0.029674
-0.00242858
-0.115458
0.237899
-0.0270736
-0.0526527
0.183131
0
0
0
-0.203445
0.395597
0.197676
0.0988466
-0.339939
-0.0559603
0.0125345
0.0101996
-0.30003
0.181997
0
0
0
0
0
0
0
0
0
0
0
0
