209
448.486
0
0
0
0
0
0
0
0
0
0
0
0
0
0
0
0
0
0
0
0
0
0
0
0
0
0
0
0
0
0
0
0
0
0.000642641
0.0912551
0.00920153
-0.0230284
0.103523
0.0100269
0.192984
0.00160553
0
0
0
-0.196004
0.21974
-0.150913
-0.061257
0.235579
-0.230418
0.047428
0.0194817
0
0
0
0.0245062
-0.227754
0.0815572
-0.0555825
0.052585
-0.039817
0.0745115
-0.0667458
0.00673237
-0.0977231
0
0.0140288
0.0885032
0.0819836
0.0579872
0.0161725
0.00433345
0.0398203
0.0101732
-0.0410803
0
0
-0.0579289
-0.0372482
-0.0862112
-0.0264758
-0.0375727
0.0819228
-0.0428252
0.1012
0.116479
0.0545538
0
0.0265425
0.0438934
0.107273
0.0550068
-0.061399
0.0171589
0.170155
0.0446603
0.0118085
0.0496333
0
-0.0723559
0.0038789
-0.106908
0.0717094
0.241781
-0.145619
0.0202117
-0.0318511
0.0211797
0.033802
0
0.121454
-0.0732894
0.100726
-0.00364129
-0.0235053
0.0703998
-0.0734552
0.139704
0.0319997
0.016687
0
-0.0267506
-0.108238
0.0293634
-0.0817372
0.0178825
-0.140517
0.181831
-0.0867564
0.0213867
0.00171149
0
-0.0270668
0.0401247
-0.0232689
0.0511973
-0.0971856
0.115283
-0.123626
-0.026991
-0.022211
0
0
0.136021
-0.000807809
-0.101645
-0.00269017
0.0281874
0.01612
0.00900328
0.00106131
-0.236749
-0.118661
0
-0.118461
0.0272597
0.0128184
-0.0969339
0.0347198
-0.0210051
-0.120399
-0.0793486
0
0
0
0.169255
0.0183366
-0.0413087
0.0886221
0.0497726
-0.0189287
-0.0222159
0
0
0
0
0.019124
-0.0363404
-0.109079
0.0536447
0.0357464
-0.00778218
0.0590471
0.0607519
0
0
0
0.00334488
0.00379086
0.00379086
0.00379086
0.00379086
0.00379086
0.00379086
0.00379086
0.00379086
0.00334488
0
0
0
0
0
0
0
0
0
0
0
0
