209
-2.05883e-12
0
0
0
0
0
0
0
0
0
0
0
0
0
0
0
0
0
0
0
0
0
0
0
0
0
0
0
0
0
0
0
0
0
0.0194272
-0.137794
-0.0503854
-0.0425067
-0.0666337
0.0778054
-0.062721
0.0159701
0
0
0
0.0120097
-0.00449503
-0.0189062
0.00388006
-0.0269485
0.116791
-0.039307
-0.13442
0
0
0
0.0108731
-0.0570768
0.0182059
0.0385241
0.0221334
0.0186675
-0.02864
0.0317554
-0.0286491
0.093182
0
0.0203258
0.0268057
0.0397262
-0.0632574
0.0845504
-0.0356625
-0.0385673
0.00718805
-0.0629804
0
0
-0.0345312
-0.0332986
0.00288802
0.0286866
-0.0199827
0.0381238
0.0409844
-0.00753214
0.0978976
0.00766206
0
0.0237208
0.0436246
-0.0418826
0.0500603
0.00747614
-0.0258005
0.00716028
0.0276855
0.019374
0.0110175
0
0.035848
-0.0716003
0.0282314
-0.064822
0.02818
-0.00907607
0.053239
-0.0578824
0.0322096
0.075482
0
-0.0648507
0.112404
-0.0344957
-0.0242512
-0.0200684
0.00599234
-0.0334623
0.0361219
-0.0361163
0.00433407
0
0.0358087
-0.0435839
0.0661092
-0.0211033
0.0605694
-0.0446427
-0.00380284
0.0213225
0.0931808
0.00572611
0
0.00529984
-0.00759097
-0.0463535
0.0776179
-0.0619936
0.0568415
-0.0241406
-0.0329347
-0.102694
0
0
-0.0213609
0.023866
0.0335553
-0.0823496
0.015427
-0.0152097
0.0404538
-0.0657744
0.00493082
-0.0571608
0
0.0265172
0.0414412
-0.0283335
-0.118393
0.0521577
0.139071
0.032343
-0.117318
0
0
0
-0.053961
0.0375507
-0.00984894
0.0209782
0.0969302
0.233866
0.399444
0
0
0
0
0.0674974
0.0564006
-0.209883
-0.312318
0.282994
-0.471826
-0.0354928
0.0189859
0
0
0
-0.013525
-0.0376699
0.0252649
0.0101213
0.0672005
0.015587
0.00683577
-0.000550385
-0.029968
-0.0508724
0
0
0
0
0
0
0
0
0
0
0
0
