209
7.98002
0
0
0
0
0
0
0
0
0
0
0
0
0
0
0
0
0
0
0
0
0
0
0
0
0
0
0
0
0
0
0
0
0
0.000751247
0.106677
0.0379823
-0.141607
0.162847
5.14007e-05
-0.0173935
-0.00220508
0
0
0
0.0361934
0.0734805
-0.0595476
0.230858
-0.30284
0.174651
-0.132323
0.0178462
0
0
0
0.0726957
0.0536466
0.0948354
-0.120524
0.108645
-0.0969437
-0.0808823
0.0480932
0.0985054
-0.145869
0
-0.0302628
-0.183475
-0.129467
-0.0673766
-0.0387086
0.0021087
0.0345256
-0.0835361
0.00743746
0
0
-0.0724975
0.167212
-0.140662
0.125391
-0.0862749
-0.0175505
-0.0106815
0.1157
0.0552028
0.0495019
0
0.0577728
-0.130418
0.0745783
-0.0604446
0.110927
-0.0252647
0.0687753
-0.0923581
0.00583376
0.045037
0
0.0118076
0.0679642
0.0546686
-0.0221255
0.0120718
-0.0202678
-0.0933414
0.169323
0.0192184
0.0306718
0
-0.0383673
-0.0700261
-0.0650877
0.0294725
-0.0418788
0.108717
0.0662479
-0.0980621
-0.062794
0.0151418
0
0.13619
0.0681968
0.0931717
0.0408616
-0.0143039
-0.0761201
-0.069596
0.0726509
0.0264464
0.001553
0
0.0668073
0.0674351
0.0278156
-0.0829351
-0.0422465
-0.0264219
-0.144162
-0.153681
0.0782114
0
0
-0.0185651
-0.134584
0.00961812
0.076962
-0.067356
0.0535571
0.0622279
0.0590434
-0.0239964
-0.0791764
0
-0.203515
0.118465
-0.0398476
0.017055
0.164674
0.0399789
-0.150788
-0.0830586
0
0
0
-0.0304873
0.0718131
-0.0860903
0.024736
0.0789144
0.0637849
-0.0129517
0
0
0
0
-0.0303652
-0.0511295
-0.0969405
0.0965162
0.0520394
0.0014514
0.0382278
0.0393015
0
0
0
-0.00123127
-0.00139544
-0.00139544
-0.00139544
-0.00139544
-0.00139544
-0.00139544
-0.00139544
-0.00139544
-0.00123127
0
0
0
0
0
0
0
0
0
0
0
0
