209
9115.84
0
0
0
0
0
0
0
0
0
0
0
0
0
0
0
0
0
0
0
0
0
0
0
0
0
0
0
0
0
0
0
0
0
4.97255e-05
0.00706103
0.0117815
-0.0815474
0.0199167
-0.00206403
-0.038272
-0.0001555
0
0
0
-0.0151856
-0.134237
-0.126481
-0.130226
0.0138113
-0.0418024
0.00582344
0.0212583
0
0
0
0.278556
0.0429963
0.052285
-0.0343479
-0.0399241
-0.06133
0.0863764
-0.0119704
0.0457317
0.0155865
0
0.131104
-0.246511
0.0934549
0.0262237
0.0599514
-0.0765308
0.0105574
-0.0782407
0.00845623
0
0
-0.0147075
-0.167434
0.00333258
0.240874
0.224441
-0.147382
-0.0135807
-0.226178
-0.0043591
-0.0138308
0
-0.0678523
-0.027251
0.108933
0.102718
0.167549
0.00876958
0.0858759
0.0240228
-0.000342894
-0.0125833
0
-0.00248221
0.111664
0.0491875
-0.0598731
0.116439
-0.148798
0.166848
0.0950367
-0.00536959
-0.00856965
0
-0.0711889
0.0741078
0.0622657
-0.228177
0.0268073
0.00940932
0.0398243
0.0317899
-0.0393508
-0.00423059
0
0.0516475
0.105175
-0.0565581
-0.122208
0.0969468
-0.0350395
0.025586
0.0759096
-0.00819899
-0.000433906
0
0.0889635
-0.082423
-0.0299342
-0.0861177
0.131641
0.0388929
-0.150739
-0.00696076
0.00193269
0
0
0.0311332
-0.0711541
0.0385421
0.0759652
0.108114
-0.106091
-0.294457
-0.0729554
0.0835556
0.0188436
0
0.0636952
-0.033913
0.00367326
-0.0332263
-0.0510839
-0.018991
-0.00247686
-0.0248336
0
0
0
0.0718239
0.0747945
-0.00687667
0.00884088
0.0121173
0.0263664
0.0211418
0
0
0
0
0.073978
0.0869332
0.0981702
0.0503693
0.0428526
0.0205571
0.00858804
0.00832467
0
0
0
-0.00578068
-0.00655144
-0.00655144
-0.00655144
-0.00655144
-0.00655144
-0.00655144
-0.00655144
-0.00655144
-0.00578068
0
0
0
0
0
0
0
0
0
0
0
0
