209
1.30002e-16
0
0
0
0
0
0
0
0
0
0
0
0
0
0
0
0
0
0
0
0
0
0
0
0
0
0
0
0
0
0
0
0
0
-0.126699
0.0289734
-0.00904553
-0.00311889
-0.0441877
0.065574
-0.0161067
0.221618
0
0
0
-0.00354227
0.00494505
-0.000539455
0.00176944
0.000575074
-0.00577266
0.00950888
-0.00146838
0
0
0
0.00267046
0.00236863
0.00145222
-0.00492222
0.004077
-0.00288786
-0.00555842
0.00648478
-0.00675753
-0.0145121
0
-0.00188068
-0.00549993
8.48239e-05
0.00557723
-0.00422616
-0.00185203
0.00336718
0.00225198
-0.00879734
0
0
-0.00134224
0.000611915
0.0040377
-0.00496404
0.00247627
0.00202821
0.00244082
-0.00271458
-0.015369
0.0199103
0
0.00231862
-0.00160442
0.00218616
-0.000803952
0.00600001
0.00380049
-0.00118281
0.00250207
0.299831
0.0147577
0
-0.00190582
0.000309502
-0.000675251
0.000650731
0.000373412
-0.00220625
0.00345368
0.00739859
-0.158437
0.0604645
0
-0.00402225
-0.000245886
0.00108284
0.00340534
-0.000261768
-0.00138826
-0.00541669
0.00383167
0.0170089
-0.104816
0
0.00328291
-0.00551239
-0.00698511
0.0061154
-0.0215336
-3.85645e-05
0.000589845
-0.0115402
0.0231729
-0.0856995
0
-0.00821453
0.00374738
-0.000802775
-0.00682741
0.0190349
0.00673134
-0.00071918
0.00522604
0.00563367
0
0
0.00630006
-0.00192321
-0.000197474
0.00226485
-0.00734533
0.00312719
-0.00257918
-0.00173884
-0.00724731
0.00826009
0
0.002508
0.00812845
-0.000468619
0.016285
0.00693989
-0.00868557
-0.0263034
0.0170198
0
0
0
0.00381495
-0.0118036
0.00741085
-0.0668838
0.00383075
0.0156927
0.00804523
0
0
0
0
0.0189433
-0.00172667
-0.00563281
0.0268043
-0.0130955
0.0100978
0.0745291
-0.0628946
0
0
0
-0.218463
0.114272
-0.132635
-0.427759
0.487625
-0.101866
0.360829
-0.265705
-0.0506437
0.236465
0
0
0
0
0
0
0
0
0
0
0
0
