209
3496.09
0
0
0
0
0
0
0
0
0
0
0
0
0
0
0
0
0
0
0
0
0
0
0
0
0
0
0
0
0
0
0
0
0
0.000121427
0.0172426
0.0214425
0.0865612
-0.0413629
0.00331121
0.062717
0.000408296
0
0
0
0.00714104
-0.000406571
0.109753
0.0842821
-0.118861
-0.0554413
0.0770492
0.00545693
0
0
0
-0.0383014
0.032911
0.1054
-0.0379279
-0.0931884
-0.00953763
-0.0726043
-0.0615309
-0.0534992
0.00736175
0
0.00467533
0.0259138
0.0210344
-0.083765
0.0289343
0.0102381
-0.0700549
-0.125453
0.00624711
0
0
-0.0510052
0.0479859
-0.0060901
0.09913
-0.0297319
-0.0772171
0.154612
-0.107908
0.000140453
-0.0165501
0
-0.146419
-0.125398
-0.339498
-0.124974
0.00279711
-0.127323
0.0410885
0.0599071
-0.000398355
-0.0150573
0
-0.0863641
-0.00545901
0.0242363
0.0475792
0.143207
0.121963
-0.0304942
0.0218541
-0.00642533
-0.0102546
0
0.0669893
0.0260082
-0.0602596
-0.00559452
-0.0998393
-0.0497136
0.00793224
0.180153
-0.0218366
-0.00506238
0
0.0784538
-0.0822367
-0.0811656
0.0085599
-0.228142
0.00692325
0.111168
0.108152
-0.0158455
-0.000519219
0
0.207202
-0.165957
-0.0208466
-0.048441
-0.0297978
0.19449
-0.0401961
0.141584
-0.0106489
0
0
-0.069558
0.0553535
-0.160237
-0.0308169
0.175775
-0.0258951
-0.0287517
0.217515
0.0255393
-0.00187684
0
-0.0629338
0.119267
-0.0657683
-0.162142
-0.100879
-0.160911
-0.18119
-0.0702864
0
0
0
-0.0620119
0.0792481
0.101257
0.00995738
-0.0230061
-0.0680904
-0.0674871
0
0
0
0
0.0360013
-0.000756406
-0.0344004
-0.0919357
-0.0741899
-0.064975
-0.0299005
-0.029112
0
0
0
-0.0277917
-0.0314973
-0.0314973
-0.0314973
-0.0314973
-0.0314973
-0.0314973
-0.0314973
-0.0314973
-0.0277917
0
0
0
0
0
0
0
0
0
0
0
0
