209
5322.37
0
0
0
0
0
0
0
0
0
0
0
0
0
0
0
0
0
0
0
0
0
0
0
0
0
0
0
0
0
0
0
0
0
0.000179217
0.0254488
0.0325173
-0.0431895
0.020774
-0.00069068
-0.0115685
9.70656e-05
0
0
0
-0.107949
-0.0996467
0.0566235
-0.0133059
0.131958
0.0128015
0.0108552
0.0283715
0
0
0
0.156306
-0.126123
0.0835249
-0.0761984
-0.014805
0.0223484
-0.0976641
-0.0592152
-0.00701278
0.0399114
0
-0.0399845
-0.164811
0.150167
0.0393319
0.0313775
-0.127585
-0.00583344
-0.0260245
0.0139505
0
0
0.0158532
0.0411897
-0.10846
-0.0561489
0.00311493
-0.0302557
-0.14447
0.139418
-0.0935603
-0.0716045
0
-0.00523588
-0.0306391
-0.139227
-0.249523
-0.113822
-0.145833
0.0885987
0.110986
-0.00828929
-0.0651461
0
-0.0526859
-0.0108293
-0.0223557
-0.0685529
0.011164
-0.00265658
0.138727
0.0933162
-0.0277994
-0.0443667
0
-0.105892
0.104686
-0.0561586
0.0502208
0.127434
0.100282
-0.0111455
-0.00716851
-0.0707546
-0.0219026
0
-0.0929513
-0.0508102
-0.137666
0.0407773
0.0269459
0.0261634
-0.0866927
-0.0441868
-0.0743392
-0.00224642
0
-0.00977554
-0.0509117
0.0750057
-0.0371104
0.0161725
-0.0539563
0.106705
-0.140672
-0.0794112
0
0
-0.0899642
0.022792
0.232714
-0.0431277
-0.196255
0.137883
-0.0399691
-0.0336353
-0.180141
-0.0315274
0
-0.0607085
-0.0394117
0.0618198
-0.00084763
-0.0328212
0.0466405
0.000807523
0.0204615
0
0
0
-0.00221339
0.0335346
0.0788933
-0.0308105
0.00143629
-0.00793503
-0.039629
0
0
0
0
-0.0279376
-0.041953
-0.0595074
-0.0552165
-0.0580592
-0.0363819
-0.0200175
-0.0196061
0
0
0
-0.129739
-0.147037
-0.147037
-0.147037
-0.147037
-0.147037
-0.147037
-0.147037
-0.147037
-0.129739
0
0
0
0
0
0
0
0
0
0
0
0
