209
-7.29039e-14
0
0
0
0
0
0
0
0
0
0
0
0
0
0
0
0
0
0
0
0
0
0
0
0
0
0
0
0
0
0
0
0
0
-0.112136
-0.0400419
-0.0211278
-0.0125822
-0.0630081
0.130373
-0.000228095
-0.0672346
0
0
0
0.00504098
-0.00886194
-0.00473135
0.00603702
-0.0019591
0.0319574
-0.0037227
-0.0853372
0
0
0
0.000363665
-0.0192889
0.00817858
0.0115626
0.00631934
0.0142702
-0.0101358
0.0115357
-0.0125524
0.0874204
0
0.000654444
0.0122112
0.0135549
-0.0165399
0.0191368
-0.0244339
-0.0134153
0.0031027
-0.0638721
0
0
-0.0122271
-0.00923632
0.0026151
0.0138698
-0.0111367
0.0196462
0.010534
-0.00462163
0.0400874
0.422624
0
0.00270091
0.0186346
-0.014719
0.0146072
0.00535568
-0.0040424
0.0123907
-0.00640152
0.0628206
0.0582468
0
0.0213477
-0.0109871
0.000858836
-0.0195504
0.0156928
-0.00840932
0.00104746
-0.0117154
-0.38548
-0.333555
0
-0.0330495
0.0104919
0.00330076
-0.0095242
-0.0114522
0.0067519
-0.00424589
0.025911
-0.0290403
0.0729503
0
0.0151844
-0.00525902
0.0095808
-0.00640245
0.0138428
-0.017597
-0.0149693
-0.00275625
-0.147561
0.114669
0
0.00370488
-0.00151432
-0.00861621
0.0142412
-0.0199763
0.0203728
-0.00731909
-0.0175765
0.0539691
0
0
-0.00953955
0.00746153
0.0158538
-0.0205932
-0.00681658
0.00148595
0.0101772
-0.0173177
0.00393248
-0.0440068
0
0.00373308
-0.0135685
-0.0377346
0.00896683
0.0442661
-0.00235599
0.00566786
-0.0745576
0
0
0
0.00299637
-0.0175459
0.0302289
-0.0197066
0.108246
-0.00333846
0.0742849
0
0
0
0
0.0501764
-0.0458712
0.0203485
0.0975514
-0.167533
-0.00933745
-0.247156
0.166998
0
0
0
0.0194592
-0.0695084
-0.0480816
-0.251491
-0.280333
0.199014
0.163228
0.2228
-0.0301194
0.0876304
0
0
0
0
0
0
0
0
0
0
0
0
