209
7.59469e-13
0
0
0
0
0
0
0
0
0
0
0
0
0
0
0
0
0
0
0
0
0
0
0
0
0
0
0
0
0
0
0
0
0
0.0359833
0.0898626
-0.0923242
-0.0552452
-0.105991
0.0150153
-0.0281003
0.0144955
0
0
0
-0.0398621
0.074379
-0.0200436
-0.0693078
0.0587966
0.0395735
-0.0445218
0.0824932
0
0
0
0.0567578
-0.00413857
-0.00471828
0.0297218
-0.0108925
-0.137925
0.0249824
0.041884
-0.0710605
-0.201917
0
-0.0519836
0.00934282
0.0156005
-0.0198908
-0.0161633
0.0946317
-0.00158645
0.0049284
-0.155449
0
0
0.0339946
-0.0155551
0.0607069
-0.0472925
0.0760739
-0.0499751
0.027959
0.00922975
-0.0682036
0.317665
0
0.0412864
-0.0598468
0.0318389
-0.0487686
0.0226659
-0.0440155
-0.0142834
0.0570081
0.026719
-0.426872
0
-0.0617456
-0.0697579
0.0609881
-0.0111567
-0.0256302
0.0150026
0.0922997
-0.0027479
0.129598
0.269048
0
0.016264
0.115375
-0.114318
0.0268862
0.0151366
0.00872583
-0.0550017
-0.114905
0.0981694
0.0142254
0
-0.0346032
-0.0607148
-0.0730952
-0.00843549
-0.138081
-0.0232303
-0.0147254
0.0994088
-0.0677153
-0.0119947
0
-0.0382347
0.0242331
-0.0586143
0.108507
0.0724088
0.126875
-0.0273299
0.00966936
0.184062
0
0
0.0249171
-0.0112533
0.0186516
-0.0386643
0.021109
0.0211337
0.0104694
-0.0303727
0.0160124
0.0857129
0
0.0960998
0.185405
0.145713
0.0708682
-0.122923
0.0515036
-0.0465571
0.05211
0
0
0
-0.0532146
0.0724027
-0.116414
0.116718
0.0192852
0.079548
-0.0199725
0
0
0
0
-0.166985
-0.0231417
-0.0337549
-0.0108679
0.0329098
0.0357253
-0.0740186
0.0828877
0
0
0
0.0994969
0.0423889
0.0325639
-0.0534385
-0.0825968
0.00794735
0.0917077
-0.0189888
-0.0761566
-0.035381
0
0
0
0
0
0
0
0
0
0
0
0
