209
-1.99421e-15
0
0
0
0
0
0
0
0
0
0
0
0
0
0
0
0
0
0
0
0
0
0
0
0
0
0
0
0
0
0
0
0
0
0.105915
0.0159519
0.017134
-0.0012029
0.0138349
-0.205544
0.0277314
0.691949
0
0
0
0.00533037
-0.00939397
-0.00406959
0.00353381
0.0018019
-0.0103897
0.00159602
-0.0232083
0
0
0
-0.00483529
-0.000576174
-0.00269313
0.000307492
-0.00949676
0.00760441
0.00776657
-0.00773602
-0.00800546
0.0512418
0
0.000354229
0.00703954
-0.00248087
-0.00093736
-0.00440617
0.000987741
-0.00384403
0.0137625
0.0101761
0
0
0.00401844
0.00795978
-0.0063461
0.00496783
-0.00800666
-0.000576404
-0.00562507
-0.00674358
-0.00974189
0.0328606
0
-0.0123238
0.000474168
-0.00553949
0.00103785
-0.00398674
0.00508945
0.00779866
0.00193532
0.129207
0.0433659
0
0.0123349
0.0174109
-0.0105563
0.00711885
0.00227631
-0.00419756
-0.0243871
-0.00680667
-0.179532
0.123962
0
-0.00354006
-0.0324185
0.0149253
-0.00675173
0.00118641
0.00459823
0.0246843
0.0078436
-0.0615856
-0.0657265
0
0.000785491
0.0134166
0.00549826
-0.00089102
0.0155654
0.00606761
-0.00890445
0.00156614
-0.060728
0.0582058
0
0.00715348
-0.00445222
0.00843222
-0.00972454
-0.0201693
-0.0218179
0.00140424
-0.0135109
-0.00163409
0
0
-0.00845261
0.0058551
-0.00366981
0.0122386
-4.81067e-05
0.00234877
-0.00116897
0.010359
0.00550234
-0.020196
0
-0.0104865
-0.0407878
-0.0125619
-0.016489
0.0414448
-0.0209006
-0.0104207
0.0134284
0
0
0
0.0115069
-0.0103542
0.0219723
0.00690775
0.0540118
-0.0130738
0.00945543
0
0
0
0
-0.0989109
0.113421
0.0235397
-0.0655686
0.00903509
0.000508992
0.0342669
-0.0227778
0
0
0
0.254003
0.0978179
-0.143466
0.0235515
-0.166055
-0.174757
0.104396
0.191846
0.140746
-0.337961
0
0
0
0
0
0
0
0
0
0
0
0
