209
-2.27933e-13
0
0
0
0
0
0
0
0
0
0
0
0
0
0
0
0
0
0
0
0
0
0
0
0
0
0
0
0
0
0
0
0
0
0.151085
-0.0335557
-0.0266393
-0.000633778
0.076464
0.0239864
-0.0342911
-0.00769827
0
0
0
-0.0159634
0.0207503
0.00585295
0.00405914
-0.00250617
0.0053438
0.0205809
0.00164271
0
0
0
0.00408241
-0.00370191
0.00150622
0.00877412
0.0152142
0.0107644
-0.01421
0.0119353
0.0362404
-0.130805
0
-0.00175214
-0.00818995
0.0161143
-0.00632596
0.0148689
-0.0141355
0.00155702
-0.0535243
0.0948104
0
0
-0.0117421
-0.0244928
0.0162319
-0.00728555
0.00866551
0.0159937
0.00794316
0.022898
-0.143972
0.087866
0
0.0193056
0.0166353
0.00660914
0.00430211
-0.00491368
-0.0110451
-0.0127386
-0.0381489
0.0311096
0.0532304
0
-0.00579535
-0.0304802
0.0255824
-0.0182835
0.00290487
-0.000628862
0.0267006
0.0380087
0.0808269
-0.0275911
0
0.000241901
0.0385021
-0.0120308
0.024614
-0.0086438
-0.0186786
-0.0213911
-0.0332168
0.105018
-0.529609
0
-0.0138638
-0.00201064
-0.0396232
0.00718756
-0.0165009
-0.000128899
0.013144
0.0174602
0.168098
-0.0556044
0
-0.000305488
7.99551e-05
-0.00734277
-0.00156036
0.0359762
0.0170374
0.00264359
0.0366511
0.0192005
0
0
-0.00256666
0.00281816
0.00558524
-0.0300811
0.00562459
-0.0115976
0.00513965
-0.0272327
-0.00565654
-0.0227381
0
0.0234784
0.0337261
-0.00154962
0.0122727
-0.0391426
-0.0469466
0.0536628
0.0216885
0
0
0
0.00335814
-0.0192908
-0.00578991
-0.0632165
0.0215347
-0.165293
0.0185109
0
0
0
0
0.27625
-0.302931
0.0162167
0.104236
0.0712312
-0.0826393
0.130536
-0.154635
0
0
0
-0.139324
-0.188239
0.124917
-0.00115968
-0.0688472
0.0983621
0.255315
0.231524
-0.109416
-0.248794
0
0
0
0
0
0
0
0
0
0
0
0
