209
936.309
0
0
0
0
0
0
0
0
0
0
0
0
0
0
0
0
0
0
0
0
0
0
0
0
0
0
0
0
0
0
0
0
0
0.000193278
0.0274455
0.0538995
0.150544
0.05867
-0.00304827
-0.0696839
-0.00181434
0
0
0
0.203108
-0.22235
-0.088799
0.0677114
0.105645
-0.13762
0.026112
0.0603359
0
0
0
0.0249219
0.123555
0.0639588
0.0741776
-0.207227
-0.0461182
0.086493
-0.079699
0.00297068
-0.0880135
0
-0.098165
-0.0567705
0.0399095
-0.263353
0.242725
-0.119345
0.0960553
0.0220661
-0.0457081
0
0
0.132778
-0.161434
-0.164874
-0.0398413
-0.0407218
0.0514103
-0.104524
0.0377718
0.0476316
0.0113042
0
-0.011415
0.0806196
0.0608692
0.0312385
0.0205078
0.0172329
0.0595386
-0.00868728
0.00572815
0.0102846
0
-0.026946
0.0802465
0.0594833
-0.190995
-0.00931483
0.0704988
-0.0810655
-0.0436507
0.0043887
0.00700419
0
0.0856358
0.00563944
0.0434003
0.00384424
0.129851
-0.0298251
0.0172481
-0.0805065
-0.0551845
0.00345776
0
0.0875307
-0.093862
0.0336314
0.182475
-0.13502
-0.125602
-0.0640242
-0.0375734
0.0437108
0.000354642
0
-0.0555058
0.0629751
-0.0356031
0.0611438
-0.150995
0.208802
0.0168844
-0.0203107
0.103778
0
0
0.0549617
0.00957084
-0.0237745
-0.000342604
-0.0605626
0.117688
-0.0301154
-0.0390679
0.140945
0.134399
0
-0.126599
0.011657
-0.00613681
-0.0700218
0.0365054
0.0228003
0.00734849
-0.00115975
0
0
0
-0.0591331
-0.128853
0.160506
0.0568978
0.0253998
-0.0417031
0.0454731
0
0
0
0
0.0735074
0.0175802
-0.0498364
-0.0131948
-0.0191873
0.0571553
0.12079
0.12237
0
0
0
0.000691141
0.000783293
0.000783293
0.000783293
0.000783293
0.000783293
0.000783293
0.000783293
0.000783293
0.000691141
0
0
0
0
0
0
0
0
0
0
0
0
