209
8062.4
0
0
0
0
0
0
0
0
0
0
0
0
0
0
0
0
0
0
0
0
0
0
0
0
0
0
0
0
0
0
0
0
0
-5.95857e-05
-0.00846117
-0.0528084
-0.0158748
0.0179464
-0.000558363
-0.0112253
-0.000147042
0
0
0
0.132897
0.0634289
-0.0853017
-0.201792
-0.0202868
0.0487685
0.0650181
0.0215255
0
0
0
0.00339008
0.166266
0.0250606
0.00779684
-0.0842608
-0.115359
-0.127329
-0.0776855
0.0356901
0.0489373
0
-0.100104
-0.0168766
0.0680846
-0.0733649
-0.128736
-0.0165807
-0.0512975
-0.045181
0.0308985
0
0
-0.164299
-0.142689
-0.0448978
-0.184628
-0.167936
0.287133
0.0334138
-0.0407712
-0.0433214
-0.0367095
0
-0.00725199
-0.106948
-0.0882394
-0.075265
-0.195397
0.36647
0.196463
0.0535726
-0.00430153
-0.0333985
0
0.0283832
-0.0234336
0.0548561
0.111115
-0.0101051
0.195777
0.222329
0.119613
-0.0142519
-0.0227455
0
-0.0101417
-0.06458
-0.0879218
0.0897904
-0.0524206
-0.0882047
0.0359937
0.0665974
-0.0394056
-0.0112288
0
0.0721359
0.0319112
0.0130964
-0.0176194
0.12506
-0.05936
-0.0619403
0.0880374
-0.0307655
-0.00115167
0
0.00681144
0.0980815
0.114176
0.0647731
0.0681812
-0.0431128
-0.222923
0.0126984
-0.0149132
0
0
0.0872589
0.064613
-0.0589831
0.065945
0.0787378
0.115005
-0.124284
-0.121914
0.0407946
0.0135706
0
0.0225842
-0.00618523
-0.0313078
0.027878
0.0148582
0.0289202
-0.0150831
0.00126875
0
0
0
0.015984
-0.00451639
-0.0682552
-0.0162944
0.00563731
0.0086892
-0.0108889
0
0
0
0
0.00135307
0.000656624
-0.00259701
-0.00964003
-0.014623
-0.00957404
-0.00725394
-0.00717768
0
0
0
-0.0109016
-0.0123551
-0.0123551
-0.0123551
-0.0123551
-0.0123551
-0.0123551
-0.0123551
-0.0123551
-0.0109016
0
0
0
0
0
0
0
0
0
0
0
0
