209
6.90004e-13
0
0
0
0
0
0
0
0
0
0
0
0
0
0
0
0
0
0
0
0
0
0
0
0
0
0
0
0
0
0
0
0
0
-0.0230756
-0.0166672
0.0833039
0.0303341
0.118963
-0.0388113
0.0428643
-0.00408747
0
0
0
0.0286252
-0.0584933
0.0141739
0.0251437
-0.0192705
-0.0320423
0.00951555
-0.0330604
0
0
0
-0.0308383
0.00438043
-0.00757404
-0.0184371
-0.00109469
0.0568332
0.00705931
-0.0410186
0.0111301
0.172121
0
0.0384255
0.00678726
-0.014258
0.0016874
-0.00353324
-0.0338175
-0.00427714
0.0334221
-0.00976509
0
0
-0.0125348
0.0217361
-0.0466155
0.0359688
-0.0451313
0.0101719
-0.0214242
-0.012796
0.2062
0.229175
0
-0.0267881
0.0177772
-0.0137103
0.0232398
-0.0192849
0.0220689
0.00736366
-0.00138102
0.0502454
-0.586688
0
0.0217615
0.0528283
-0.0450197
0.0249981
0.00549108
0.00260603
-0.0626653
-0.0245294
0.0060016
0.114154
0
0.00835487
-0.0745975
0.0586514
-0.0210075
-0.00212599
0.000618952
0.0481647
0.0571699
-0.110005
0.0314565
0
0.0199694
0.0457249
0.0717724
-0.00156842
0.0976158
0.0261756
0.0097927
-0.0383381
-0.105878
-0.0232377
0
0.0315069
-0.0154336
0.0436444
-0.0579318
-0.0593129
-0.0945328
0.00936474
-0.0350452
0.00553401
0
0
-0.0159548
0.000135299
-0.021061
0.035937
-0.00256521
-0.00892612
-0.00328042
0.0310276
0.000168694
-0.0896304
0
-0.0811746
-0.1257
-0.0731023
-0.0750103
0.0573264
-0.0194103
-0.00992597
0.0907657
0
0
0
0.024622
-0.013091
0.0514357
0.0451419
-0.0911382
0.134522
0.168197
0
0
0
0
0.205142
-0.18742
0.0926668
-0.0651522
-0.13917
0.0965441
0.104891
-0.336295
0
0
0
-0.0496745
-0.0525103
0.0227962
0.0620037
0.0269978
0.023099
-0.0334519
0.00113551
-0.00719637
0.00108448
0
0
0
0
0
0
0
0
0
0
0
0
