209
6.36301e-16
0
0
0
0
0
0
0
0
0
0
0
0
0
0
0
0
0
0
0
0
0
0
0
0
0
0
0
0
0
0
0
0
0
0.129936
-0.0264542
0.021263
0.00597517
-0.030284
-0.0244774
-0.0190211
0.321518
0
0
0
0.00365841
4.19181e-05
-0.00109681
-0.0104188
0.00457199
0.00397988
-0.00634426
0.0146657
0
0
0
-0.000651363
0.00408214
0.00300626
-0.00150938
-0.00640303
-0.0110316
-0.000510428
0.00330905
-0.0110209
0.0376256
0
0.00211115
-0.00436241
-0.00774513
0.00922237
-0.00309194
0.0134408
0.00111124
0.00752728
-0.0711753
0
0
0.00332442
0.00950108
-0.000730024
-0.00731649
0.00448591
-0.00856375
0.00238092
-0.00235916
0.0195329
-0.0612972
0
0.000915022
-0.0136775
-0.00110148
0.00118624
0.00382201
0.00267802
-0.00131055
0.0202439
0.14845
-0.043227
0
-0.00546438
0.00272372
-0.00343677
0.00245497
-0.000915939
-0.000665272
0.00530366
-0.0146755
0.191812
0.00966866
0
0.00760178
0.00411788
-0.00506205
-0.00948244
0.00928016
0.00584855
-0.00289514
-0.0104291
-0.0169095
-0.070456
0
0.0030312
-0.00980067
0.0127424
0.000658587
-0.00922223
-0.00975548
0.00248403
0.0140868
0.0189819
-0.0514494
0
-0.00953447
0.00139298
-0.00296935
0.0076589
7.19609e-05
0.00966726
-0.000930396
-0.00311097
-0.00598149
0
0
0.00845638
-0.000447452
-0.000494178
-0.000693311
0.00160426
0.000133727
7.58139e-05
0.000595795
-0.00948383
0.00721645
0
0.000767415
0.0166768
0.0163475
-0.0046038
0.00452311
-0.00112188
0.0186724
-0.0181076
0
0
0
-0.0154176
0.0274625
-0.0252056
-0.0761398
0.0330257
0.0119751
-0.0554668
0
0
0
0
0.0523048
-0.0757411
-0.0107925
0.0361807
0.00965535
0.0201987
-0.123971
0.140788
0
0
0
-0.19555
-0.172456
-0.47933
0.257887
-0.0259683
0.505605
-0.143196
0.00239869
-0.0397829
0.303038
0
0
0
0
0
0
0
0
0
0
0
0
