209
1.08507e-15
0
0
0
0
0
0
0
0
0
0
0
0
0
0
0
0
0
0
0
0
0
0
0
0
0
0
0
0
0
0
0
0
0
0.149775
-0.0257336
-0.057519
-0.00638189
0.000636671
0.511679
-0.044233
0.234753
0
0
0
-0.0105756
0.00266935
0.0152901
0.0141689
0.00846942
0.0077092
0.0187317
-0.0258473
0
0
0
-0.00564886
0.0012443
0.00820282
-0.00310168
0.0365303
0.0152315
-0.0256196
0.0146248
0.0303271
-0.152834
0
0.00563336
-0.0204183
0.0120246
-0.0057962
-0.00337653
-0.0439887
0.0180419
-0.0399765
0.119518
0
0
-0.0274427
-0.0027578
0.0136558
0.00551977
0.000110936
0.029301
0.00669366
0.00695226
0.00377104
0.0823607
0
0.0198546
0.0100811
0.012082
0.00871655
0.00823616
-0.011132
-0.00126183
-0.0362705
-0.195817
0.0560418
0
-0.00427727
-0.0285549
0.0124136
-0.0154454
0.0080526
0.000631821
0.0271796
0.0214652
-0.392396
0.0999321
0
-0.0212929
0.0297857
-0.00120239
0.0230273
-0.0216674
-0.00430736
-0.0413607
0.000694091
0.0974995
0.00855591
0
0.0152097
-0.0137922
-0.0525981
0.0125461
-0.024953
-0.00394944
0.00619932
-0.002348
-0.000364508
0.0461707
0
-0.0223074
0.020396
0.00581919
-0.0198602
0.0611115
0.0424731
-0.00415592
0.0320452
0.0317831
0
0
0.0163869
-0.0146591
0.010418
-0.0216257
-0.0284239
-0.00277516
0.00513206
-0.0342661
-0.0116817
0.020312
0
0.00879696
0.0345628
-0.035903
0.00650831
-0.0104301
0.0281106
-0.0114415
-0.02634
0
0
0
0.0273106
-0.0465526
0.0269456
0.151382
-0.170769
-0.0325826
0.0545387
0
0
0
0
-0.114416
0.138113
0.0114707
0.0235555
-0.119346
-0.00851102
0.166476
-0.217757
0
0
0
-0.060272
-0.0122254
0.0762984
0.218997
0.0696033
0.0920462
-0.202562
-0.0431827
-0.220748
0.0849472
0
0
0
0
0
0
0
0
0
0
0
0
