209
1.24579e-13
0
0
0
0
0
0
0
0
0
0
0
0
0
0
0
0
0
0
0
0
0
0
0
0
0
0
0
0
0
0
0
0
0
0.129158
0.0337301
-0.0501414
-0.0310596
-0.172629
0.0981883
-0.0172976
-0.0155408
0
0
0
-0.0109874
0.0235371
-0.0136326
-0.00497805
0.0117842
0.0225395
0.00437035
-0.0743046
0
0
0
0.0165394
-0.017977
0.00685237
0.0159919
-0.000325424
-0.014347
-0.00510714
0.027859
-0.0457692
0.0225357
0
-0.0185156
0.00561287
0.0195345
-0.0134746
0.0174975
-0.00182253
-0.0149618
0.0040877
-0.0621079
0
0
-0.0025806
-0.00892228
0.0254848
-0.0103215
0.0118322
0.0074209
0.0251744
-0.000466237
-0.0985827
0.195711
0
0.0122891
-0.000912074
-0.00517038
0.00778573
0.013011
-0.00171524
0.0087812
0.00601666
-0.0233818
0.0905599
0
0.00947581
-0.0194083
0.0139008
-0.0199674
0.0144022
-0.0160727
0.0176696
0.00407616
-0.0523931
0.0755428
0
-0.0343487
0.0191591
-0.0132042
0.00367252
-0.00592152
0.00759993
-0.0113674
-0.0193784
-0.00629056
0.0420479
0
0.00730881
-0.0210427
-0.0362259
-8.15204e-05
-0.0565434
-0.0210773
-0.0188274
0.0325896
-0.113077
0.00254541
0
-0.0203129
0.00841013
-0.0173697
0.0193652
0.0256255
0.0524621
-0.0160923
-0.00463394
0.0630891
0
0
-0.000161523
0.0120031
0.0152496
-0.0207271
-0.0165256
0.0112078
0.0103482
-0.0280027
-0.00724482
-0.0115011
0
0.0386072
0.0259856
-0.000750903
0.0463248
0.0391179
-0.0312137
-0.0456289
-0.00997288
0
0
0
0.00155884
-0.0302996
0.0215226
-0.279065
-0.0504671
0.00932911
0.00557966
0
0
0
0
0.273605
-0.175687
-0.0869095
0.158894
0.0552969
-0.0470876
0.116185
-0.0498675
0
0
0
-0.243399
0.270656
-0.078608
0.131465
-0.153162
-0.218169
-0.169393
-0.153005
0.533236
0.0586431
0
0
0
0
0
0
0
0
0
0
0
0
