209
30209.6
0
0
0
0
0
0
0
0
0
0
0
0
0
0
0
0
0
0
0
0
0
0
0
0
0
0
0
0
0
0
0
0
0
5.15201e-08
7.31585e-06
-0.00409429
0.00337476
-0.0203814
-0.00172102
-0.0309981
-1.96318e-05
0
0
0
0.0364316
0.0462138
0.00967962
0.054464
0.0101071
0.0081539
0.0105203
0.0364969
0
0
0
-0.131825
-0.0644333
-0.0696377
0.077811
0.0368748
-0.127404
-0.139766
-0.202276
-0.12249
-0.0189222
0
-0.0396591
-0.0729033
0.0347886
0.0549278
-0.0173242
-0.177814
-0.0166611
-0.0815087
-0.0146557
0
0
-0.030224
-0.00122801
-0.0507169
0.0854784
0.0145456
-0.0940144
-0.040459
-0.080157
-0.0332607
-0.0221392
0
-0.0149296
0.00316051
0.0520319
0.054808
0.00741657
-0.182852
0.00399554
0.0200138
-0.00241412
-0.0201423
0
-0.035502
-0.0565772
-0.0549733
-0.0544984
-0.153729
-0.261528
-0.0957349
0.0286981
-0.00859521
-0.0137176
0
-0.0674764
-0.0592378
-0.0577864
-0.0903127
-0.19087
-0.326356
-0.182154
0.025893
-0.0164614
-0.00677199
0
-0.0400383
0.0702023
0.0174073
0.0471208
-0.0622872
-0.257578
-0.0894677
0.0603384
-0.0236446
-0.000694563
0
-0.0325134
0.0712182
0.0656616
0.0481047
-0.0693175
-0.146738
0.0288149
0.0426834
-0.026146
0
0
0.0931505
0.157898
0.111515
0.240967
0.288135
0.296482
0.100566
-0.0830972
-0.0575766
-0.0124189
0
0.0145588
0.000991177
-0.0131129
-0.0065176
-0.0384991
-0.0111479
0.0128743
0.00935789
0
0
0
0.0161594
0.033749
0.0091543
-0.00811273
-0.0110571
-0.0150248
-0.000936425
0
0
0
0
-0.00236136
-0.00585055
-0.00679972
-0.0302559
-0.024008
-0.00178511
0.000123979
0.000146225
0
0
0
0.00266123
0.00301606
0.00301606
0.00301606
0.00301606
0.00301606
0.00301606
0.00301606
0.00301606
0.00266123
0
0
0
0
0
0
0
0
0
0
0
0
