209
4786.99
0
0
0
0
0
0
0
0
0
0
0
0
0
0
0
0
0
0
0
0
0
0
0
0
0
0
0
0
0
0
0
0
0
-1.30334e-05
-0.00185074
-0.0152188
-0.0138945
-0.0227146
0.00147979
0.0282838
0.000213213
0
0
0
0.181992
0.0917246
-0.00208936
-0.00474889
-0.0245547
0.0318643
0.142555
0.0486586
0
0
0
-0.0733927
-0.12362
-0.0693369
0.110246
-0.0280787
0.113322
0.140839
0.159807
-0.0197072
-0.00431047
0
-0.0867705
-0.0464439
0.0664682
0.0685487
0.0818451
-0.102839
-0.107509
0.107223
-0.00624849
0
0
0.00130767
0.0301836
-0.0997978
-0.0668752
-0.00495096
0.0450153
0.10203
0.0632902
-0.0738792
-0.100465
0
-0.0395058
0.0482753
-0.00776921
-0.0404464
0.140435
-0.0470903
0.132215
-0.102447
-0.00559946
-0.0914032
0
-0.191562
-0.110447
0.181353
0.116936
-0.0971575
-0.228414
-0.00980752
-0.0711622
-0.039004
-0.0622488
0
-0.00769949
-0.0923193
-0.224727
-0.172736
0.129799
0.229288
0.139233
0.0568889
0.0258274
-0.0307304
0
0.115816
0.0555886
0.0393991
0.125204
-0.0814933
0.0459851
-0.119937
0.0212702
-0.0802486
-0.00315184
0
0.0765775
0.101762
0.0266092
0.0781795
0.0364866
-0.0565738
-0.0352914
0.0395001
-0.0365856
0
0
0.0626566
-0.16362
-0.0945561
-0.10082
0.0574933
-0.0110856
0.086585
-0.144109
-0.073449
0.053123
0
0.111438
-0.113857
-0.131445
-0.147768
-0.100743
-0.138313
-0.0678627
-0.0699538
0
0
0
0.0167936
-0.0193647
-0.107651
0.0262159
-0.00428371
-0.000955318
0.0273835
0
0
0
0
0.0137601
0.0218219
0.0333664
0.0353689
0.0399462
0.0248149
0.0144862
0.0142157
0
0
0
-0.0236831
-0.0268408
-0.0268408
-0.0268408
-0.0268408
-0.0268408
-0.0268408
-0.0268408
-0.0268408
-0.0236831
0
0
0
0
0
0
0
0
0
0
0
0
