209
925.027
0
0
0
0
0
0
0
0
0
0
0
0
0
0
0
0
0
0
0
0
0
0
0
0
0
0
0
0
0
0
0
0
0
0.000236573
0.0335933
-0.102444
0.177996
-0.110318
-0.00368706
-0.0776698
-0.00139785
0
0
0
0.0343389
0.145428
-0.228686
0.055861
-0.00361238
-0.0113134
0.011999
0.0122138
0
0
0
0.0245094
-0.119994
0.245103
-0.0346866
0.0523786
-0.083262
0.167803
-0.0422812
0.0764878
0.0177894
0
0.129107
-0.107802
0.119342
-0.0523917
0.0381853
0.114653
-0.226607
-0.0440981
0.00866692
0
0
-0.0433838
0.00444694
0.0891735
0.0451545
-0.0802075
0.0372948
0.0354658
-0.069714
-0.0376774
-0.0355826
0
0.0864447
0.142259
-0.186576
0.0345862
0.21046
-0.117526
-0.0874186
-0.0296357
-0.00360608
-0.0323732
0
0.0413966
0.152479
-0.0260215
-0.104764
-0.106327
0.107507
0.123303
0.0224668
-0.0138144
-0.0220472
0
0.0295067
-0.287282
0.0103076
0.0706951
0.0687141
-0.00729466
0.0572612
0.00181001
0.0246494
-0.0108841
0
-0.199207
-0.0214878
-0.00124903
-0.0266142
0.0689866
0.0155259
0.00649499
0.0568614
-0.00681802
-0.00111632
0
-0.00985686
0.189999
-0.0488002
-0.0191815
-0.0826996
0.00430908
0.0469066
-0.0461758
0.0433741
0
0
0.0198319
0.0156511
-0.0848162
-0.00129173
-0.0439491
0.124527
-0.0278285
-0.0452804
-0.0984393
0.106262
0
-0.00808823
-0.00851225
-0.14672
0.0232761
0.0413139
-0.024376
0.110401
0.0484325
0
0
0
-0.0555575
0.167287
0.119073
-0.0107624
-0.0422033
0.00796761
-0.0444127
0
0
0
0
-0.108634
-0.0582716
0.0101935
0.0250566
0.046223
-0.0586895
-0.120901
-0.122506
0
0
0
0.0135859
0.0153973
0.0153973
0.0153973
0.0153973
0.0153973
0.0153973
0.0153973
0.0153973
0.0135859
0
0
0
0
0
0
0
0
0
0
0
0
