209
1.15542e-12
0
0
0
0
0
0
0
0
0
0
0
0
0
0
0
0
0
0
0
0
0
0
0
0
0
0
0
0
0
0
0
0
0
-0.0113389
-0.142867
-0.0792313
0.101713
0.00973524
-0.124146
-0.243217
0.0109032
0
0
0
0.00359265
0.0225764
0.0602431
0.0740936
-0.13091
-0.017992
0.0588275
0.129405
0
0
0
-0.0093655
0.0100019
0.0167926
-0.0693235
0.0693776
0.125855
-0.0742523
0.00928218
0.0441887
0.0346479
0
0.028846
-0.0875718
-0.00313695
0.0700255
0.0928454
-0.130919
0.00837879
-0.0551243
-0.0620792
0
0
-0.0528366
-0.0395686
-0.0309541
-0.00460013
-0.0143293
0.0298094
0.0533839
0.0601954
0.227828
-0.0642151
0
0.0455944
0.0460807
0.0166406
0.0681689
0.0138929
0.0937771
-0.0457248
-0.0670763
-0.00824127
-0.113478
0
-0.0465529
0.00267258
-0.0196688
-0.0205653
0.0280678
-0.0117461
0.0677927
0.0798842
-0.078881
0.0682248
0
0.0158082
0.0456216
0.068727
0.0207047
-0.0149273
-0.0381944
-0.147916
0.0586747
0.386371
-0.0151864
0
0.0456206
-0.0427165
0.0143629
0.00768065
-0.0771597
-0.03271
0.0941184
-0.12083
-0.141064
0.00377461
0
-0.0468463
0.0211841
0.0303766
-0.116272
0.135565
0.0324492
0.00356566
0.0827007
-0.177078
0
0
0.0579157
-0.0330022
-0.00758975
0.0199756
-0.100649
-0.0106045
-0.0202739
-0.020147
-0.121254
0.190675
0
-0.00735251
0.105301
-0.054719
0.126537
-0.0395612
0.0462778
0.0432551
-0.2655
0
0
0
-0.0380275
-0.0824738
0.00325813
-0.0567292
0.149907
0.128768
-0.196727
0
0
0
0
0.0692082
-0.0968162
0.0966639
-0.0706585
-0.0732519
-0.0495251
0.0400527
0.079503
0
0
0
0.0518003
0.0249777
0.0180601
-0.00975246
-0.0380524
-0.0323183
-0.0112386
-0.0221408
0.0271633
-0.00272529
0
0
0
0
0
0
0
0
0
0
0
0
