209
-8.93909e-14
0
0
0
0
0
0
0
0
0
0
0
0
0
0
0
0
0
0
0
0
0
0
0
0
0
0
0
0
0
0
0
0
0
0.102948
0.115602
0.0126735
0.0113708
-0.32591
0.240385
-0.021478
0.0757486
0
0
0
0.0183323
-0.00431246
-0.00449674
-0.0137401
0.00482254
-0.0305543
-0.0214338
0.061163
0
0
0
0.00177254
0.0227559
0.00140422
-0.0338919
-0.0268781
-0.0327312
0.0146619
-0.00165439
-0.0863862
0.222831
0
-0.0156318
-0.0178283
-0.0393496
0.0506692
-0.0307727
0.0342567
0.0090954
0.0927294
-0.228227
0
0
0.0290184
0.0521295
-0.00743198
-0.022214
0.0115627
-0.0460422
0.00491335
-0.0330221
0.0712902
-0.131365
0
-0.0224668
-0.0581328
0.00419392
-0.0121225
0.0276916
0.0462109
0.0119099
0.0779686
-0.129758
-0.0715571
0
-0.0186781
0.0596585
-0.0486667
0.0405088
-0.00728385
-0.00725154
-0.0182871
-0.0453125
0.0196397
-0.0806419
0
0.00822594
-0.0662912
0.0199894
-0.0368217
0.0267816
0.0357887
-0.00605522
0.0334626
-0.0957652
-0.015561
0
0.0294431
-0.0288129
0.0229357
-0.00250067
-0.076634
-0.0174825
-0.0133522
-0.0323487
0.213599
-0.00269824
0
-0.0470326
0.019531
0.0140423
-0.0152073
0.0154226
0.0187296
-0.00710736
-0.0324883
-0.0616066
0
0
0.04171
-0.0147953
-0.012687
0.0729103
-0.0475253
0.0358538
-0.0248717
0.049904
-0.0320825
0.0156958
0
-0.0100675
0.0147449
0.0418629
0.0973993
0.0751696
-0.0655828
-0.125452
0.0401911
0
0
0
-0.0139451
0.0175454
-0.00941638
-0.264492
0.411228
0.0583194
0.112532
0
0
0
0
0.0534612
-0.0384437
-0.0082387
0.130643
-0.113909
0.107733
-0.0564276
0.0185866
0
0
0
0.0273021
0.064994
0.125354
0.141856
0.0605313
-0.094117
0.0717983
-0.0125562
-0.267915
-0.129241
0
0
0
0
0
0
0
0
0
0
0
0
