209
5210.52
0
0
0
0
0
0
0
0
0
0
0
0
0
0
0
0
0
0
0
0
0
0
0
0
0
0
0
0
0
0
0
0
0
-5.32553e-05
-0.00756225
-0.0730432
0.0797223
-0.00900805
-0.000744815
-0.0151382
-0.000215954
0
0
0
0.0219802
0.0733643
0.0285759
0.11019
0.0416966
-0.0199391
0.06549
0.0202246
0
0
0
-0.0921707
0.0331497
0.0650403
-0.0777409
-0.0446207
-0.118896
0.0907516
0.0501042
-0.0110633
-0.0202561
0
-0.163844
0.00823932
0.0958796
-0.160032
-0.0654746
0.0613422
-0.0496115
0.0171965
-0.0117581
0
0
0.0409562
0.0255084
-0.0653578
-0.0479977
0.0545559
0.091342
-0.0557914
-0.0812399
0.0928426
0.0153372
0
-0.0357455
-0.133336
-0.180711
0.00460068
-0.126765
-0.0579101
-0.370014
-0.0227834
0.0084548
0.0139539
0
0.0645631
0.0743529
0.142883
0.0839697
-0.0118369
-0.252516
0.0839028
0.038943
0.00595445
0.00950306
0
0.040432
0.104223
0.127906
-0.0162825
-0.0787266
0.0130336
0.124941
0.0914659
0.0307971
0.00469138
0
0.0475016
-0.0908806
-0.115236
-0.0700236
-0.00971471
-0.110637
0.0116099
0.034713
0.0146937
0.000481168
0
-0.0283603
-0.0664754
-0.0441061
0.115237
0.0371234
-0.0660775
0.0209926
-0.110208
0.012143
0
0
0.203901
0.00665007
0.124543
0.118434
0.0108941
-0.244467
0.0390026
-0.01642
-0.0116659
0.0017775
0
-0.157388
-0.149663
-0.0888049
0.0747484
0.105707
0.0320345
0.0339316
0.0258174
0
0
0
-0.16589
-0.10378
-0.132283
0.0840957
0.0111287
0.00970579
-0.00751066
0
0
0
0
0.070617
0.081859
0.0950636
0.120831
0.12133
-0.00969092
-0.0222627
-0.0225722
0
0
0
-0.0414499
-0.0469766
-0.0469766
-0.0469766
-0.0469766
-0.0469766
-0.0469766
-0.0469766
-0.0469766
-0.0414499
0
0
0
0
0
0
0
0
0
0
0
0
