209
6137.47
0
0
0
0
0
0
0
0
0
0
0
0
0
0
0
0
0
0
0
0
0
0
0
0
0
0
0
0
0
0
0
0
0
-4.87848e-05
-0.00692745
0.0282549
-0.0880763
0.0348056
-0.00373349
-0.0687786
-0.00022719
0
0
0
0.0276954
0.088035
-0.0970851
-0.0385236
0.0914492
0.0571
-0.0498678
-0.0161896
0
0
0
0.0354155
0.0738961
-0.151388
-0.0223984
0.00500045
0.0960037
0.0332059
0.056349
-0.103417
-0.0176444
0
-0.000663563
0.0823543
-0.0343056
0.0663907
-0.0271626
-0.0619988
0.167641
0.0074848
-0.0129294
0
0
-0.183294
0.0571788
-0.0300994
0.025685
0.0969046
-0.0277028
0.0638673
-0.00828089
0.0346254
0.0174408
0
0.0308198
0.217245
0.0813912
0.00792372
-0.122343
-0.311475
-0.0363504
-0.0203303
0.00258052
0.0158677
0
0.181889
-0.00362564
-0.00618935
0.0121712
-0.10825
0.164079
0.205991
-0.0870011
0.00677114
0.0108065
0
-0.0061421
-0.175382
0.0770519
-0.123184
-0.00694345
0.0901959
0.0384202
-0.0101817
0.0664012
0.00533484
0
-0.00133745
-0.160244
0.0151218
0.0243714
0.0035517
-0.0151415
-0.179139
0.0615521
0.0322317
0.000547163
0
-0.0479448
-0.0467274
0.00309829
-0.159252
-0.119249
0.00561846
-0.268121
0.211091
0.0520997
0
0
-0.0058505
0.0766921
-0.103981
0.0267801
0.0481627
0.0701516
-0.0875636
0.15255
0.037084
0.0648508
0
-0.100788
-0.145214
0.0221191
0.0410836
-0.0114638
0.0255713
-0.0759355
-0.00837024
0
0
0
-0.152571
-0.173993
-0.0905296
0.01449
0.0170225
0.012108
-0.0485863
0
0
0
0
-0.0128878
-0.0173561
-0.02679
0.0299741
0.0212655
-0.0456923
-0.0380468
-0.0378257
0
0
0
-0.0570995
-0.0647128
-0.0647128
-0.0647128
-0.0647128
-0.0647128
-0.0647128
-0.0647128
-0.0647128
-0.0570995
0
0
0
0
0
0
0
0
0
0
0
0
