209
4.68668e-17
0
0
0
0
0
0
0
0
0
0
0
0
0
0
0
0
0
0
0
0
0
0
0
0
0
0
0
0
0
0
0
0
0
-0.220902
0.00476147
0.0136405
-0.000769707
-0.0141462
-0.160927
0.0265129
0.260149
0
0
0
0.00233469
-0.00267788
-0.00574826
-0.0087379
0.00653116
-0.0034503
-0.00975559
0.00657963
0
0
0
0.00242004
0.000940164
-0.00342934
0.00259005
-0.0117685
-0.0154545
0.0123229
-0.00487534
-0.01552
0.0288131
0
-0.00181538
0.00812748
-0.00420673
-0.00205614
-0.00853279
0.0193553
-0.00365664
0.0189636
-0.0222306
0
0
0.00877989
0.00636596
-0.00585141
0.000395917
0.00243806
-0.0115347
-0.00380987
-0.00539796
0.0165732
0.0104018
0
-0.0064896
-0.00854177
-0.0010777
-0.00797978
-0.00206666
-0.00212234
0.00317402
0.0167469
-0.203345
0.0459359
0
0.000487238
0.00756034
-0.000721926
0.00448905
-0.00432441
0.00265956
-0.0101498
-0.0146261
-0.155584
0.077222
0
0.00498624
-0.0110062
-0.00489352
-0.00719017
0.00712583
0.00552565
0.0170826
-0.00245137
-0.0511822
-0.0603087
0
-0.00562533
0.00293462
0.0115172
-0.00469122
0.0077687
0.00280488
-0.00751064
0.00986701
-0.0143767
-0.465407
0
0.00640901
-0.00233118
-0.00236183
0.0135817
-0.0211274
-0.00839997
-0.00141564
-0.0169999
0.0138538
0
0
-0.0047229
0.000716624
-0.00103624
0.00529167
0.0119855
0.00268988
0.000905321
0.0105979
0.0102475
-0.0132897
0
-1.16684e-05
-0.00792831
0.016479
-0.000418595
-0.00776908
0.00823187
0.00672743
-0.0111997
0
0
0
-0.00724463
0.0181588
-0.00924024
-0.0330799
-0.00547592
0.010812
-0.0150922
0
0
0
0
0.0206537
-0.0208515
-0.0177194
-0.00819897
0.046764
0.000765129
-0.0705825
0.0877629
0
0
0
-0.0526622
-0.332298
0.4407
0.0978518
-0.239963
0.0105989
0.105787
-0.30601
0.076686
0.218862
0
0
0
0
0
0
0
0
0
0
0
0
