209
7232.82
0
0
0
0
0
0
0
0
0
0
0
0
0
0
0
0
0
0
0
0
0
0
0
0
0
0
0
0
0
0
0
0
0
9.7235e-06
0.00138074
-0.0290934
0.0693017
-0.0222866
-0.000734639
-0.0204172
-0.000873496
0
0
0
0.00675937
-0.0709518
0.000827989
0.150054
-0.0378747
-0.00448021
0.0434767
0.00109439
0
0
0
-0.0270913
-0.103646
0.0335996
0.00552722
0.104232
-0.0682229
0.0832879
0.104518
-0.0541519
0.0328239
0
-0.030131
0.0459558
0.178866
0.259572
0.125884
0.210008
0.144004
-0.086148
0.0189837
0
0
0.00555468
-0.0300299
0.0940414
0.100638
-0.272701
-0.076248
0.0194824
-0.0575576
0.0286549
0.000825892
0
-0.0533901
-0.0421962
0.150811
-0.0243606
-0.271257
0.0812058
0.0566079
-0.0216841
0.00198799
0.0007514
0
-0.0989183
0.120714
0.0159141
-0.195467
-0.196782
0.00944229
-0.0566743
-0.0161303
0.00032064
0.000511729
0
0.106581
-0.00477743
-0.0148468
-0.156833
-0.0945975
-0.0857684
0.0674827
-0.0354796
-0.012242
0.000252626
0
0.110739
0.056484
-0.0493387
0.0831259
0.155203
0.0182336
0.0216356
-0.0335899
0.00207772
2.59103e-05
0
-0.0132006
0.0461871
-0.230934
0.0237624
0.261517
0.0588473
-0.0915574
-0.105401
0.00293312
0
0
0.0695344
0.106788
-0.0485814
-0.164716
0.0531353
0.05484
0.0509756
0.154327
0.0549687
0.00530289
0
0.0423622
0.0234836
-0.0336458
0.0109091
0.0644734
-0.0078158
0.0112407
0.0108427
0
0
0
0.0371737
-0.0056485
0.00339703
0.0220698
-0.00688652
-0.0153561
-0.00248974
0
0
0
0
-0.0141194
-0.0172825
-0.0176881
0.00634827
0.0129373
-0.00347947
-0.00203664
-0.00202713
0
0
0
-0.0644022
-0.0729892
-0.0729892
-0.0729892
-0.0729892
-0.0729892
-0.0729892
-0.0729892
-0.0729892
-0.0644022
0
0
0
0
0
0
0
0
0
0
0
0
