209
6.84658e-17
0
0
0
0
0
0
0
0
0
0
0
0
0
0
0
0
0
0
0
0
0
0
0
0
0
0
0
0
0
0
0
0
0
-0.125968
0.0102107
0.00452476
-0.0105379
-0.0119852
-0.255481
0.0069579
-0.179827
0
0
0
-0.00477258
0.00847281
-0.0116622
-0.0102737
0.00453952
0.0086471
0.00289776
-0.0160682
0
0
0
0.00991015
-0.00610092
0.00048911
0.00714477
-0.00486594
-0.0186642
-0.0011756
0.0116152
-0.01985
0.00210786
0
-0.00154431
0.00856239
0.00567024
-0.00603045
0.00113411
0.0177105
-0.00661882
0.00920942
-0.0546006
0
0
0.00284152
-0.0061604
0.00241241
-0.00525146
0.00525979
-0.00044582
0.00434923
-0.00507874
0.001178
0.103796
0
0.00305921
0.000225925
-0.00602586
-0.00219118
0.00363459
-0.00702991
-0.00118714
0.0199036
-0.247425
0.0465575
0
0.00383895
-0.0101545
0.0108099
-0.00840392
-7.51216e-05
-0.00183118
0.00581595
-0.00671713
-0.256194
0.0988604
0
-0.00394003
0.015353
-0.014725
-0.00222303
0.00575596
-0.00195698
0.0100264
-0.00779743
-0.0244067
-0.154294
0
-0.00658829
-0.00771631
0.0132357
0.00258538
-0.00829246
-0.00298998
-0.00464833
0.0103465
-0.0232592
-0.0536084
0
0.00317462
-0.00469193
-0.016596
0.0222168
-0.00632919
0.0057173
-0.0028189
-0.00870111
0.035472
0
0
-0.00500792
0.0065702
0.00512713
-0.0163493
0.0180526
-0.00173979
0.00590762
-0.00776707
0.00323836
-0.0154916
0
0.0129433
0.0122938
0.0182896
-0.00244396
-0.0138786
0.0196553
-0.00284122
0.000354933
0
0
0
-0.0161904
0.0174939
-0.0120288
-0.0234901
0.0095817
0.0254464
-0.0169308
0
0
0
0
0.00789644
-0.0181323
-0.0223616
-0.00950929
0.0393656
-8.49156e-05
0.0160034
0.00179526
0
0
0
0.0114253
-0.0976992
-0.375808
0.339843
0.137146
-0.436669
0.106872
0.282415
-0.213818
0.280655
0
0
0
0
0
0
0
0
0
0
0
0
