209
-5.35998e-17
0
0
0
0
0
0
0
0
0
0
0
0
0
0
0
0
0
0
0
0
0
0
0
0
0
0
0
0
0
0
0
0
0
-0.356065
0.0146682
-0.00740126
-0.00148577
-0.043348
0.246981
-0.00951735
-0.218352
0
0
0
-0.000302241
5.03544e-05
0.000701642
-0.000682464
0.00563159
-0.00328755
0.00227929
-0.000292097
0
0
0
-0.00172944
0.00287879
0.000561951
-0.00253774
0.0018826
-0.000955855
-0.00260979
0.00261127
-0.00022607
-0.00453354
0
-0.00169196
-0.00372724
-0.00185926
0.00380508
-0.00606595
-0.00156108
0.00563428
0.000282942
0.00282352
0
0
-0.000298168
0.00609816
0.002579
-0.00197044
0.00166183
0.00115593
-0.000519474
-0.00364852
-0.0215437
0.00264193
0
-0.00112376
-0.00463959
0.00147429
-0.00114366
0.00352036
0.000578919
0.00199093
0.00108865
0.467269
0.0432416
0
-0.000462807
0.000952545
-0.0020709
0.00228417
-3.05422e-05
-0.00114486
0.000472393
-0.00229889
-0.162403
0.0818844
0
-0.00242458
-0.00516138
0.00195094
0.000485397
-0.00052281
0.00305936
-0.00304143
-0.000120759
-0.00374892
-0.0972763
0
0.00254406
-0.00392822
-0.0108111
0.00306948
-0.0104436
-0.000987631
-0.00251541
0.00217084
-0.00105368
-0.314888
0
-0.00809745
0.00460516
0.00247605
-0.00453706
0.0107074
0.00737299
0.000228432
0.00367366
0.0114643
0
0
0.00590711
-0.0024958
0.000878633
0.00286887
-0.00714383
0.00241679
-0.00191526
-0.00103541
-0.00328028
-0.00118416
0
0.00322374
0.00444012
0.000667174
0.00755689
0.00628713
-0.0110052
-0.0133656
0.0142381
0
0
0
0.00494335
-0.00560558
0.00436573
-0.117426
-0.0308621
-0.0130264
-0.0306228
0
0
0
0
0.0510585
-0.0341657
-0.00966288
0.0192092
0.0544508
0.00375889
0.0526066
-0.00702466
0
0
0
0.441256
-0.061703
-0.178678
0.225286
0.00246851
0.0767341
-0.113778
-0.144263
0.00430977
-0.226348
0
0
0
0
0
0
0
0
0
0
0
0
