209
15324
0
0
0
0
0
0
0
0
0
0
0
0
0
0
0
0
0
0
0
0
0
0
0
0
0
0
0
0
0
0
0
0
0
4.70997e-05
0.00668816
-0.0051036
0.028152
0.0601621
0.00295592
0.0570034
0.000486791
0
0
0
-0.1851
-0.196023
-0.135799
0.020117
0.0981909
0.121353
0.127853
0.0210475
0
0
0
-0.000226911
-0.120363
0.0553831
-0.0420832
-0.066979
0.132267
0.259305
0.0663256
0.0178369
-0.0159881
0
-0.0516962
-0.169505
-0.0635999
-0.0603657
-0.0954685
0.0992839
0.146481
-0.0148565
-0.00793022
0
0
-0.0707781
-0.0191678
-0.0860378
0.0314241
0.116244
0.174045
0.19021
0.0901474
-0.0526721
-0.0626989
0
-0.152553
-0.0745089
-0.0938123
0.0283727
-0.0443721
0.0069704
-0.0403848
0.0242808
-0.00392258
-0.0570437
0
-0.19871
-0.169882
-0.187893
-0.0510316
-0.0596769
0.0487696
-0.0565976
0.00445319
-0.0243419
-0.0388487
0
-0.0489023
-0.0525129
-0.151832
-0.0672908
-0.21742
-0.154858
-0.073175
-0.0346079
-0.0745206
-0.0191785
0
-0.0852008
0.0702618
0.0189182
-0.0756704
-0.124955
0.0871521
-0.102415
-0.0597205
-0.0594036
-0.00196702
0
-0.0560629
0.074237
-0.0105279
-0.144168
-0.0949506
0.0748344
-0.101523
-0.064017
-0.0434369
0
0
-0.0728745
0.181768
0.0306183
-0.0628146
-0.0740461
-0.058418
-0.00106744
-0.0579606
-0.0157269
-0.00457567
0
-0.0430749
0.0977579
-0.0324184
0.0192312
0.0439654
0.0658887
0.0279652
0.00127733
0
0
0
-0.0948608
-0.0586919
-0.0942982
0.0122624
0.0313902
0.0512933
0.01382
0
0
0
0
0.0924223
0.108497
0.11757
0.0868112
0.0675821
0.0154535
0.00368403
0.00347139
0
0
0
0.0296205
0.0335699
0.0335699
0.0335699
0.0335699
0.0335699
0.0335699
0.0335699
0.0335699
0.0296205
0
0
0
0
0
0
0
0
0
0
0
0
