209
1298.45
0
0
0
0
0
0
0
0
0
0
0
0
0
0
0
0
0
0
0
0
0
0
0
0
0
0
0
0
0
0
0
0
0
0.000153717
0.0218278
0.117589
-0.0093808
0.00210466
0.00170569
0.033749
0.000383921
0
0
0
-0.105012
-0.0556479
-0.0138182
0.0471923
0.0238913
-0.0113093
-0.0397593
0.0273856
0
0
0
0.125875
-0.0173483
-0.0318564
0.0332811
-0.107728
0.0992431
-0.0152303
0.0987661
-0.0603843
0.0701266
0
-0.052194
0.154888
-0.122422
-0.0258153
-0.0224624
-0.0783815
-0.102544
-0.169445
0.0381732
0
0
0.0419228
-0.102812
-0.0933007
0.155868
-0.11222
0.0902039
-0.055464
0.122219
-0.0877025
0.0226341
0
-0.0557085
-0.0319042
0.0124976
0.022566
0.051319
-0.0120228
0.14096
-0.000590038
-0.00847837
0.0205926
0
-0.136728
-0.018337
0.103552
0.0582351
-0.0364894
-0.0500116
-0.0321748
-0.0288943
0.00878736
0.0140243
0
0.092712
0.0567648
0.0907812
-0.0451108
-0.0278067
-0.0268911
-0.024619
0.0120945
-0.0663518
0.00692338
0
0.0652267
-0.129616
-0.0506386
-0.0979689
0.0895557
-0.131153
-0.0892195
-0.0624829
0.039101
0.00071009
0
0.0585368
0.0415095
0.108268
-0.030994
0.114535
-0.00589229
0.0980878
0.0944709
0.0584248
0
0
0.0830476
-0.0638533
-0.125632
0.0574997
-0.00242369
-0.045176
0.0808119
-0.0105855
0.0455784
0.0731187
0
-0.074602
0.123464
0.055246
0.00325912
-0.0471272
0.103235
0.114754
0.0553951
0
0
0
0.00231428
-0.129523
0.166504
-0.119016
0.00795123
0.194835
-0.105364
0
0
0
0
-0.218717
-0.0672591
0.0938438
0.17875
0.151325
-0.126601
-0.285346
-0.289122
0
0
0
-1.58421e-05
-1.79544e-05
-1.79544e-05
-1.79544e-05
-1.79544e-05
-1.79544e-05
-1.79544e-05
-1.79544e-05
-1.79544e-05
-1.58421e-05
0
0
0
0
0
0
0
0
0
0
0
0
