209
-925.884
180.716
1134.47
-10.778
-11.3965
493.1
-367.463
743.885
29.0253
201.278
654.024
191.366
-95.5898
-236.731
-276.118
-19.3005
-288.298
155.816
325.27
100.537
89.748
-0.748722
-528.995
-195.784
144.596
26.3204
-122.816
571.472
-457.928
-141.087
-870.263
-267.165
-339.203
-96.5701
75.2402
113.602
30.204
-151.662
-480.347
25.5439
-522.124
36.2893
-347.234
151.201
349.673
424.16
54.8743
297.957
-172.477
-2.43874
-96.175
181.33
79.4021
-257.83
22.8129
123.75
-9.03959
117.238
296.49
195.281
-1.2824
24.3209
142.481
-34.7002
-225.51
56.5863
-194.048
-59.9785
-76.8464
146.232
2.93669
-239.934
-109.394
241.587
-62.6386
115.771
-106.758
236.868
-27.1744
-280.094
46.7726
115.756
73.6996
-116.559
-274.836
-52.74
-135.001
22.1028
31.5506
119.46
25.4616
61.4546
11.9825
105.512
-10.3181
-89.6159
6.93265
-4.95147
95.2677
-143.94
138.856
-96.5368
147.945
12.4595
26.491
82.3007
-67.1488
115.848
143.914
-15.7985
-55.1375
180.273
117.578
-18.062
-26.7723
-86.0431
30.4305
-50.0708
-13.1111
-12.7175
76.5391
-94.9588
80.777
120.583
325.944
25.8031
-47.0587
171.407
126.609
126.594
221.555
50.159
-265.052
-102.83
-226.02
-97.002
143.815
255
255
255
255
255
255
255
255
255
255
255
255
255
255
255
255
255
255
255
255
255
255
255
255
255
255
255
255
255
255
255
255
255
255
255
255
255
255
255
255
255
255
255
255
255
255
255
255
255
255
255
255
255
255
255
255
255
255
255
255
255
255
255
255
255
255
255
255
255
255
255
