209
-895.669
243.892
890.077
227.415
-27.9438
638.014
-493.633
885.119
-153.207
332.4
437.684
101.047
-47.9102
-146.404
-216.064
-137.3
-241.926
320.522
411.073
226.826
101.663
39.3235
-418.534
-155.797
103.462
14.8968
-138.495
547.81
-408.522
-240.351
-787.002
-227.964
-242.252
-101.854
57.2036
60.0744
12.7397
-60.2249
-428.371
31.1588
-566.734
77.3386
-319.174
200.171
265.345
361.842
49.849
284.397
-178.303
80.5278
-130.293
160.069
53.8385
-226.132
3.46677
223.499
16.5717
98.1223
309.745
182.105
-2.22842
40.5344
67.2822
7.16418
-208.531
52.9219
-227.765
-65.0695
-112.231
144.642
39.4689
-285.787
-85.8248
217.502
-80.6144
125.034
-55.3495
193.334
-50.9003
-282.286
-6.53028
119.33
57.435
-130.184
-275.02
-85.5632
-135.684
33.9203
42.7893
115.178
17.0652
53.7919
23.4971
109.529
-10.3181
-89.6159
6.93265
-4.95147
95.2677
-143.94
138.856
-96.5368
147.945
12.4595
26.491
82.3007
-67.1488
115.848
143.914
-15.7985
-55.1375
180.273
117.578
-18.062
-26.7723
-86.0431
30.4305
-50.0708
-13.1111
-12.7175
76.5391
-94.9588
80.777
120.583
325.944
25.8031
-47.0587
171.407
126.609
126.594
221.555
50.159
-265.052
-102.83
-226.02
-97.002
143.815
255
255
255
255
255
255
255
255
255
255
255
255
255
255
255
255
255
255
255
255
255
255
255
255
255
255
255
255
255
255
255
255
255
255
255
255
255
255
255
255
255
255
255
255
255
255
255
255
255
255
255
255
255
255
255
255
255
255
255
255
255
255
255
255
255
255
255
255
255
255
255
