209
-680.627
266.769
667.941
123.93
-144.29
368.292
-713.157
429.919
-45.3259
198.743
957.812
139.736
-139.418
-253.636
-664.178
403.093
-248.423
-155.927
280.219
274.001
34.1011
-65.336
-219.182
69.0358
38.4731
-57.9944
-125.638
532.941
-326.752
-48.0752
-938.449
-202.104
-254.369
-100.71
52.2674
121.538
25.74
-115.157
-403.529
81.841
-518.772
28.8429
-316.525
172.155
349.094
353.513
50.682
250.013
-93.8311
42.2135
-117.806
202.673
74.5184
-208.637
25.7535
163.309
-25.9364
113.867
368.272
156.361
17.17
-31.9218
103.581
22.3527
-185.088
125.615
-221.448
-49.9251
-98.2075
123.018
-8.31323
-286.236
-106.58
212.31
-76.1566
121.903
-90.3118
200.221
-42.9731
-302.316
21.4129
108.814
51.7483
-124.272
-277.082
-69.7612
-137.127
32.8882
37.1689
118.262
22.497
56.047
20.2391
109.138
-10.3181
-89.6159
6.93265
-4.95147
95.2677
-143.94
138.856
-96.5368
147.945
12.4595
26.491
82.3007
-67.1488
115.848
143.914
-15.7985
-55.1375
180.273
117.578
-18.062
-26.7723
-86.0431
30.4305
-50.0708
-13.1111
-12.7175
76.5391
-94.9588
80.777
120.583
325.944
25.8031
-47.0587
171.407
126.609
126.594
221.555
50.159
-265.052
-102.83
-226.02
-97.002
143.815
255
255
255
255
255
255
255
255
255
255
255
255
255
255
255
255
255
255
255
255
255
255
255
255
255
255
255
255
255
255
255
255
255
255
255
255
255
255
255
255
255
255
255
255
255
255
255
255
255
255
255
255
255
255
255
255
255
255
255
255
255
255
255
255
255
255
255
255
255
255
255
