209
-933.998
218.413
983.629
118.937
-68.3096
335.526
-498.878
619.442
32.2858
234.882
533.354
-173.064
-121.693
-341.71
-344.284
140.124
-337.987
254.844
278.834
422.858
51.5567
13.9895
-498.204
154.941
-144.209
106.584
-220.356
613.052
-398.707
-302.792
-715.22
-71.8931
-226.211
-132.064
15.7395
154.211
135.472
-65.2751
-382.27
71.8593
-352.482
-59.0335
-341.905
122.542
334.539
531.898
126.447
291.009
-79.7627
3.85237
-85.7881
195.641
104.343
-284.484
3.33639
217.126
14.8356
81.5223
347.116
196.421
-3.52834
-3.05068
97.4643
13.4791
-176.945
32.4297
-204.322
-39.432
-93.7804
145.524
14.3364
-257.936
-108.849
208.306
-52.8179
116.48
-94.8002
231.707
-54.8352
-296.921
32.2646
110.638
45.9784
-135.888
-278.467
-72.4914
-124.148
23.5544
35.725
120.892
18.2042
56.1674
22.121
105.643
-10.3181
-89.6159
6.93265
-4.95147
95.2677
-143.94
138.856
-96.5368
147.945
12.4595
26.491
82.3007
-67.1488
115.848
143.914
-15.7985
-55.1375
180.273
117.578
-18.062
-26.7723
-86.0431
30.4305
-50.0708
-13.1111
-12.7175
76.5391
-94.9588
80.777
120.583
325.944
25.8031
-47.0587
171.407
126.609
126.594
221.555
50.159
-265.052
-102.83
-226.02
-97.002
143.815
255
255
255
255
255
255
255
255
255
255
255
255
255
255
255
255
255
255
255
255
255
255
255
255
255
255
255
255
255
255
255
255
255
255
255
255
255
255
255
255
255
255
255
255
255
255
255
255
255
255
255
255
255
255
255
255
255
255
255
255
255
255
255
255
255
255
255
255
255
255
255
