209
-688.221
429.747
579.888
-255.277
-319.362
360.826
-789.405
307.046
62.0342
-22.4299
674.193
81.1024
-9.3424
-453.185
-574.763
164.431
-15.4927
372.867
216.735
81.7537
236.455
29.5796
-379.549
-2.8795
14.094
131.97
-131.475
544.772
-337.555
-196.386
-868.999
-276.715
-358.306
-157.391
59.2571
186.435
66.4347
-113.104
-375.799
14.0708
-402.39
84.6641
-365.053
95.69
269.109
466.87
160.554
314.244
-254.44
8.16229
-132.916
139.759
115.181
-253.687
1.9423
108.871
-26.8908
62.4689
294.496
180.326
33.7336
9.92283
103.365
-61.107
-190.763
84.5139
-236.76
-87.3552
-99.1246
138.604
13.5062
-276.272
-99.827
246.169
-61.338
112.087
-94.1281
198.144
-40.6024
-272.116
21.1643
137.153
62.0641
-139.957
-272.704
-72.7044
-132.63
33.4753
37.0722
121.966
12.1819
56.3727
24.9886
106.938
-10.3181
-89.6159
6.93265
-4.95147
95.2677
-143.94
138.856
-96.5368
147.945
12.4595
26.491
82.3007
-67.1488
115.848
143.914
-15.7985
-55.1375
180.273
117.578
-18.062
-26.7723
-86.0431
30.4305
-50.0708
-13.1111
-12.7175
76.5391
-94.9588
80.777
120.583
325.944
25.8031
-47.0587
171.407
126.609
126.594
221.555
50.159
-265.052
-102.83
-226.02
-97.002
143.815
255
255
255
255
255
255
255
255
255
255
255
255
255
255
255
255
255
255
255
255
255
255
255
255
255
255
255
255
255
255
255
255
255
255
255
255
255
255
255
255
255
255
255
255
255
255
255
255
255
255
255
255
255
255
255
255
255
255
255
255
255
255
255
255
255
255
255
255
255
255
255
