209
-762.131
39.8449
465.493
175.154
-52.6689
79.3172
-260.036
758.274
40.3309
352.685
843.383
-210.678
84.0483
-268.559
-568.614
184.534
-53.0257
374.626
397.902
-48.2269
262.803
-27.937
-504.696
-116.063
-89.1827
-91.4985
-201.536
547.431
-361.827
-239.293
-800.678
-68.7088
-287.439
-108.373
261.347
186.099
68.0029
-155.169
-312.164
13.1502
-450.187
5.29823
-499.189
108.444
264.932
296.856
82.7354
246.747
-116.936
-12.1054
-85.3127
208.593
81.1033
-300.071
14.0407
199.84
-6.00574
97.3376
341.19
202.108
9.97035
-2.99812
110.417
24.9634
-208.052
95.1062
-202.981
-56.0227
-94.8028
169.367
7.21509
-260.038
-97.4091
240.321
-80.9508
146.356
-89.0135
202.158
-33.4071
-291.552
7.70394
126.246
58.8971
-131.446
-282.32
-68.7483
-130.226
27.0619
30.2314
113.451
18.4288
56.6183
16.6933
107.358
-10.3181
-89.6159
6.93265
-4.95147
95.2677
-143.94
138.856
-96.5368
147.945
12.4595
26.491
82.3007
-67.1488
115.848
143.914
-15.7985
-55.1375
180.273
117.578
-18.062
-26.7723
-86.0431
30.4305
-50.0708
-13.1111
-12.7175
76.5391
-94.9588
80.777
120.583
325.944
25.8031
-47.0587
171.407
126.609
126.594
221.555
50.159
-265.052
-102.83
-226.02
-97.002
143.815
255
255
255
255
255
255
255
255
255
255
255
255
255
255
255
255
255
255
255
255
255
255
255
255
255
255
255
255
255
255
255
255
255
255
255
255
255
255
255
255
255
255
255
255
255
255
255
255
255
255
255
255
255
255
255
255
255
255
255
255
255
255
255
255
255
255
255
255
255
255
255
