209
-627.881
79.1399
619.607
-391.046
-340.483
436.276
-692.109
336.416
292.469
236.832
717.628
-170.21
114.666
-156.677
-359.239
127.595
90.9168
24.0646
353.704
456.147
232.438
102.43
-543.131
-57.4984
97.9674
-47.051
-177.037
624.989
-342.566
-275.872
-711.103
-177.75
-223.89
-170.864
96.1193
225.396
78.1713
-191.919
-331.52
-8.23989
-578.304
9.66314
-337.04
267.686
251.877
442.657
29.6848
308.761
-111.759
14.9419
-157.504
137.475
36.2162
-232.823
-18.5065
160.29
16.1113
117.773
296.266
206.589
13.6914
-2.13194
95.0519
8.95247
-179.831
85.2894
-209.829
-85.6387
-129.046
131.532
34.5424
-271.768
-126.143
249.44
-87.5538
104.738
-93.363
202.621
-41.722
-272.754
23.6022
114.037
49.3522
-142.51
-274.185
-76.3938
-131.346
12.5788
28.6195
115.23
25.0321
57.855
16.4987
107.482
-10.3181
-89.6159
6.93265
-4.95147
95.2677
-143.94
138.856
-96.5368
147.945
12.4595
26.491
82.3007
-67.1488
115.848
143.914
-15.7985
-55.1375
180.273
117.578
-18.062
-26.7723
-86.0431
30.4305
-50.0708
-13.1111
-12.7175
76.5391
-94.9588
80.777
120.583
325.944
25.8031
-47.0587
171.407
126.609
126.594
221.555
50.159
-265.052
-102.83
-226.02
-97.002
143.815
255
255
255
255
255
255
255
255
255
255
255
255
255
255
255
255
255
255
255
255
255
255
255
255
255
255
255
255
255
255
255
255
255
255
255
255
255
255
255
255
255
255
255
255
255
255
255
255
255
255
255
255
255
255
255
255
255
255
255
255
255
255
255
255
255
255
255
255
255
255
255
