209
-1012.99
366.997
779.934
-110.491
-354.23
325.952
-383.008
310.241
158.895
229.555
659.658
47.009
-264.929
-380.683
-627.286
159.585
-94.0134
421.784
295.889
221.784
162.924
-3.40652
-241.136
-205.311
-16.4603
94.4336
-47.7527
519.011
-307.974
-223.962
-847.009
-283.818
-274.339
-268.972
117.409
183.067
-137.514
-150.477
-333.764
43.2293
-470.587
78.9883
-277.477
154.72
228.258
387.465
47.9383
326.597
-130.289
83.4609
-96.5322
131.934
100.863
-273.192
-3.18524
297.412
36.9656
149.653
305.061
139.232
17.2298
44.7081
93.0945
40.9409
-169.026
48.5647
-191.201
-39.7405
-90.1526
134.237
-3.33277
-230.507
-107.87
243.882
-75.3093
115.586
-85.8523
224.585
-40.1764
-308.713
33.3749
109.102
60.4173
-136.328
-278.571
-69.6758
-136.619
19.1469
30.1987
113.996
21.2455
57.1685
21.1839
105.592
-10.3181
-89.6159
6.93265
-4.95147
95.2677
-143.94
138.856
-96.5368
147.945
12.4595
26.491
82.3007
-67.1488
115.848
143.914
-15.7985
-55.1375
180.273
117.578
-18.062
-26.7723
-86.0431
30.4305
-50.0708
-13.1111
-12.7175
76.5391
-94.9588
80.777
120.583
325.944
25.8031
-47.0587
171.407
126.609
126.594
221.555
50.159
-265.052
-102.83
-226.02
-97.002
143.815
255
255
255
255
255
255
255
255
255
255
255
255
255
255
255
255
255
255
255
255
255
255
255
255
255
255
255
255
255
255
255
255
255
255
255
255
255
255
255
255
255
255
255
255
255
255
255
255
255
255
255
255
255
255
255
255
255
255
255
255
255
255
255
255
255
255
255
255
255
255
255
