209
-12.8572
527.454
928.876
-41.3151
19.2177
207.641
-529.819
817.188
164.813
61.1277
608.662
177.406
-131.495
-320.931
-658.442
-5.23271
-123.93
168.917
191.088
328.563
3.39493
-7.42493
-411.172
8.25591
129.487
24.1163
-92.8383
555.33
-365.166
-238.042
-743.318
-257.059
-206.135
-255.363
120.144
170.819
-16.963
-134.66
-369.675
84.034
-473.838
60.0036
-409.247
171.973
314.383
405.589
113.051
360.459
-52.2982
22.0617
-32.3593
180.121
53.3983
-259.245
-4.75855
179.89
19.6316
72.6899
316.784
165.654
25.9421
23.0842
110.476
8.18856
-189.074
66.326
-201.814
-80.2558
-71.0711
137.901
29.794
-232.247
-111.529
236.578
-79.5093
96.36
-89.547
188.909
-33.5903
-295.378
9.57788
136.717
57.3986
-130.602
-275.136
-71.0214
-123.121
27.0242
33.4438
122.382
12.7641
42.9097
9.13504
109.223
-10.3181
-89.6159
6.93265
-4.95147
95.2677
-143.94
138.856
-96.5368
147.945
12.4595
26.491
82.3007
-67.1488
115.848
143.914
-15.7985
-55.1375
180.273
117.578
-18.062
-26.7723
-86.0431
30.4305
-50.0708
-13.1111
-12.7175
76.5391
-94.9588
80.777
120.583
325.944
25.8031
-47.0587
171.407
126.609
126.594
221.555
50.159
-265.052
-102.83
-226.02
-97.002
143.815
255
255
255
255
255
255
255
255
255
255
255
255
255
255
255
255
255
255
255
255
255
255
255
255
255
255
255
255
255
255
255
255
255
255
255
255
255
255
255
255
255
255
255
255
255
255
255
255
255
255
255
255
255
255
255
255
255
255
255
255
255
255
255
255
255
255
255
255
255
255
255
