209
-686.147
275.591
771.213
-102.976
562.539
288.846
-646.181
455.877
70.5604
70.473
614.501
71.4326
5.51692
-266.84
-495.455
187.844
-244.147
172.485
439.518
213.465
343.758
125.424
-437.57
13.8016
33.7511
-40.4283
-178.914
576.662
-376.411
-180.559
-779.823
-162.625
-310.694
-232.288
-12.6584
64.7105
-9.17423
-203.62
-295.41
120.365
-497.896
50.225
-378.645
62.8768
250.773
488.851
15.4996
304.11
-188.729
61.6113
-95.6175
152.396
35.4652
-203.833
-20.8665
160.281
65.3863
90.3236
291.364
159.514
65.2926
38.9129
161.085
67.6704
-178.617
92.8272
-157.359
-45.8116
-92.3705
144.462
25.0749
-281.929
-74.5895
248.681
-85.731
137.517
-102.921
238.967
-58.7771
-292.103
9.46922
128.285
52.3062
-122.585
-262.53
-67.3078
-125.299
30.1132
35.2504
116.257
18.86
55.1405
18.4515
107.348
-10.3181
-89.6159
6.93265
-4.95147
95.2677
-143.94
138.856
-96.5368
147.945
12.4595
26.491
82.3007
-67.1488
115.848
143.914
-15.7985
-55.1375
180.273
117.578
-18.062
-26.7723
-86.0431
30.4305
-50.0708
-13.1111
-12.7175
76.5391
-94.9588
80.777
120.583
325.944
25.8031
-47.0587
171.407
126.609
126.594
221.555
50.159
-265.052
-102.83
-226.02
-97.002
143.815
255
255
255
255
255
255
255
255
255
255
255
255
255
255
255
255
255
255
255
255
255
255
255
255
255
255
255
255
255
255
255
255
255
255
255
255
255
255
255
255
255
255
255
255
255
255
255
255
255
255
255
255
255
255
255
255
255
255
255
255
255
255
255
255
255
255
255
255
255
255
255
