209
-1029.89
437.058
1002.79
-52.2767
-114.058
326.58
-576.578
519.609
14.1294
134.525
412.144
-90.5024
-32.4218
-251.974
-432.866
429.23
-186.041
424.791
236.79
378.392
72.9381
66.8326
-399.713
79.4961
-60.1139
2.97719
-285.582
551.299
-382.933
-130.204
-830.005
-146.282
-189.116
-214.053
63.9461
70.8951
3.76273
-100.755
-389.154
28.7007
-483.763
208.021
-328.82
99.3944
346.219
386.133
45.605
363.125
-183.223
-43.8778
-37.9069
128.223
-6.96228
-300.102
-37.7063
140.799
13.9859
186.609
341.173
173.801
-9.36848
17.1305
115.731
9.43158
-206.975
40.4651
-213.722
-69.7644
-133.264
142.023
-11.2122
-260.768
-97.9703
233.63
-78.9717
138.626
-115.797
180.124
-42.5126
-288.719
6.61061
121.699
69.8885
-127.002
-274.624
-80.4134
-136.604
23.6501
28.4178
116.627
19.9031
60.0233
14.0565
109.101
-10.3181
-89.6159
6.93265
-4.95147
95.2677
-143.94
138.856
-96.5368
147.945
12.4595
26.491
82.3007
-67.1488
115.848
143.914
-15.7985
-55.1375
180.273
117.578
-18.062
-26.7723
-86.0431
30.4305
-50.0708
-13.1111
-12.7175
76.5391
-94.9588
80.777
120.583
325.944
25.8031
-47.0587
171.407
126.609
126.594
221.555
50.159
-265.052
-102.83
-226.02
-97.002
143.815
255
255
255
255
255
255
255
255
255
255
255
255
255
255
255
255
255
255
255
255
255
255
255
255
255
255
255
255
255
255
255
255
255
255
255
255
255
255
255
255
255
255
255
255
255
255
255
255
255
255
255
255
255
255
255
255
255
255
255
255
255
255
255
255
255
255
255
255
255
255
255
