209
-880.014
-303.071
858.576
204.526
77.2361
126.45
-261.379
629.352
-109.987
-3.59721
382.873
-116.666
-104.18
-314.981
-777.272
229.155
-32.3763
316.151
282.515
301.037
180.931
40.3441
-523.533
84.4486
153.414
9.02683
-137.379
562.354
-318.745
-139.824
-886.629
-311.501
-202.733
-212.35
94.7184
105.16
-23.8294
-156.083
-447.42
-78.2226
-557.035
-22.1801
-390.824
141.129
372.538
422.374
178.646
294.714
-118.127
41.6738
-138.699
161.324
38.1984
-277.429
-42.6623
240.923
-78.037
103.513
324.011
204.033
53.9077
6.35676
120.089
23.2105
-187.703
26.4115
-195.887
-94.0257
-95.7771
119.092
19.3898
-302.319
-90.5053
270.065
-88.8265
107.928
-95.477
222.8
-53.1881
-278.648
19.8845
99.2689
59.0021
-121.498
-276.713
-70.3649
-128.203
30.1076
35.7233
117.301
20.9023
56.6769
19.4777
108.443
-10.3181
-89.6159
6.93265
-4.95147
95.2677
-143.94
138.856
-96.5368
147.945
12.4595
26.491
82.3007
-67.1488
115.848
143.914
-15.7985
-55.1375
180.273
117.578
-18.062
-26.7723
-86.0431
30.4305
-50.0708
-13.1111
-12.7175
76.5391
-94.9588
80.777
120.583
325.944
25.8031
-47.0587
171.407
126.609
126.594
221.555
50.159
-265.052
-102.83
-226.02
-97.002
143.815
255
255
255
255
255
255
255
255
255
255
255
255
255
255
255
255
255
255
255
255
255
255
255
255
255
255
255
255
255
255
255
255
255
255
255
255
255
255
255
255
255
255
255
255
255
255
255
255
255
255
255
255
255
255
255
255
255
255
255
255
255
255
255
255
255
255
255
255
255
255
255
