209
3.80399
372.576
777.192
-137.183
3.47775
242.892
-497.275
874.938
222.197
98.2989
639.561
98.8163
67.8284
-255.906
-423.613
117.334
-146.321
175.8
199.834
252.711
131.088
109.187
-520.215
-189.431
18.7382
58.5995
-116.742
603.692
-305.143
-147.946
-779.077
-153.661
-218.907
-115.419
41.9047
103.669
-15.4213
-227.071
-451.545
21.6808
-443.707
54.2419
-364.88
134.217
276.126
416.83
71.0346
281.433
-140.631
60.4431
-100.777
125.926
70.1073
-318.709
6.64942
266.742
-47.8983
162.435
321.538
172.644
45.4177
-15.2109
145.358
-15.3589
-177.071
106.733
-171.093
-105.702
-126.265
116.67
30.4606
-247.179
-71.6904
208.617
-84.5159
150.652
-116.684
207.997
-56.9751
-302.12
38.4459
123.287
61.0437
-154.773
-282.767
-79.2467
-130.255
33.6094
39.9031
127.557
21.1872
61.102
19.238
110.379
-10.3181
-89.6159
6.93265
-4.95147
95.2677
-143.94
138.856
-96.5368
147.945
12.4595
26.491
82.3007
-67.1488
115.848
143.914
-15.7985
-55.1375
180.273
117.578
-18.062
-26.7723
-86.0431
30.4305
-50.0708
-13.1111
-12.7175
76.5391
-94.9588
80.777
120.583
325.944
25.8031
-47.0587
171.407
126.609
126.594
221.555
50.159
-265.052
-102.83
-226.02
-97.002
143.815
255
255
255
255
255
255
255
255
255
255
255
255
255
255
255
255
255
255
255
255
255
255
255
255
255
255
255
255
255
255
255
255
255
255
255
255
255
255
255
255
255
255
255
255
255
255
255
255
255
255
255
255
255
255
255
255
255
255
255
255
255
255
255
255
255
255
255
255
255
255
255
