209
110.561
154.718
947.943
-246.621
-158.466
604.827
-288.912
663.59
112.186
-147.227
583.236
158.226
32.4734
-354.404
-356.943
119.464
-183.2
162.969
344.924
81.1558
200.01
156.364
-504.534
-77.5314
-59.0282
74.7583
-60.3007
517.745
-413.133
-115.209
-884.938
-166.703
-235.105
-168.694
19.9317
135.715
81.4089
-205.63
-470.655
-25.0108
-422.289
4.54843
-319.413
160.837
323.55
401.73
80.4248
299.637
-169.909
-50.9902
-128.968
142.229
105.995
-214.137
-46.2465
227.07
-13.6258
109.603
379.314
157.626
22.9929
-49.1324
111.274
29.9815
-190.611
33.295
-178.176
-73.426
-81.0369
124.809
-21.4413
-271.129
-112.115
232.357
-95.8757
123.287
-95.9067
199.161
-35.1137
-306.714
4.53111
124.86
50.2568
-129.886
-256.519
-85.1114
-132.899
18.8233
29.5584
104.1
16.3501
53.6081
18.3653
105.003
-10.3181
-89.6159
6.93265
-4.95147
95.2677
-143.94
138.856
-96.5368
147.945
12.4595
26.491
82.3007
-67.1488
115.848
143.914
-15.7985
-55.1375
180.273
117.578
-18.062
-26.7723
-86.0431
30.4305
-50.0708
-13.1111
-12.7175
76.5391
-94.9588
80.777
120.583
325.944
25.8031
-47.0587
171.407
126.609
126.594
221.555
50.159
-265.052
-102.83
-226.02
-97.002
143.815
255
255
255
255
255
255
255
255
255
255
255
255
255
255
255
255
255
255
255
255
255
255
255
255
255
255
255
255
255
255
255
255
255
255
255
255
255
255
255
255
255
255
255
255
255
255
255
255
255
255
255
255
255
255
255
255
255
255
255
255
255
255
255
255
255
255
255
255
255
255
255
