209
43.6646
154.823
1108.66
175.55
55.0228
285.069
-273.389
12.3175
-303.051
172.045
507.719
72.8926
-17.6924
-354.962
-491.109
36.6069
-139.846
340.244
304.033
354.262
134.678
56.4396
-526.033
-140.697
-28.0669
-50.3214
-152.994
485.486
-354.96
-260.477
-760.314
-231.892
-305.722
-96.399
114.084
195.766
-2.12104
-131.978
-383.209
-14.1336
-382.614
1.67443
-430.969
180.967
266.699
447.524
57.8933
245.618
-66.1757
20.3309
-91.2356
164.754
51.9572
-180.936
19.2008
159.55
-36.0453
178.843
331.142
141.067
59.1194
61.9986
174.214
-6.66535
-181.82
56.5197
-204.727
-37.4587
-117.491
139.728
-28.3705
-268.874
-113.012
220.95
-96.6331
110.614
-81.6875
177.633
-54.9814
-288.396
19.7211
122.502
58.0367
-127.304
-264.97
-66.2474
-136.973
23.8612
41.9918
122.289
19.2775
60.0311
18.6232
108.949
-10.3181
-89.6159
6.93265
-4.95147
95.2677
-143.94
138.856
-96.5368
147.945
12.4595
26.491
82.3007
-67.1488
115.848
143.914
-15.7985
-55.1375
180.273
117.578
-18.062
-26.7723
-86.0431
30.4305
-50.0708
-13.1111
-12.7175
76.5391
-94.9588
80.777
120.583
325.944
25.8031
-47.0587
171.407
126.609
126.594
221.555
50.159
-265.052
-102.83
-226.02
-97.002
143.815
255
255
255
255
255
255
255
255
255
255
255
255
255
255
255
255
255
255
255
255
255
255
255
255
255
255
255
255
255
255
255
255
255
255
255
255
255
255
255
255
255
255
255
255
255
255
255
255
255
255
255
255
255
255
255
255
255
255
255
255
255
255
255
255
255
255
255
255
255
255
255
