209
-146.24
294.463
875.302
-24.1514
59.8716
119.03
-478.852
891.053
59.0171
29.2096
637.6
-32.6119
22.5733
-238.953
-691.911
148.267
99.1475
336.4
257.309
433.018
118.173
7.24059
-390.821
-155.892
9.64498
-52.6421
-190.728
437.794
-406.783
-230.486
-844.143
-159.444
-383.308
-32.5724
20.8271
121.915
-5.6889
-119.51
-347.52
135.034
-454.943
-35.4594
-215.882
173.791
250.448
432.548
67.6444
285.66
-174.522
31.4296
-47.7176
190.949
103.911
-236.367
17.1279
197.944
27.3686
113.166
292.31
142.896
-20.4505
-51.3003
97.7635
-24.9885
-261.178
25.0163
-166.803
-50.0161
-90.7599
133.735
-0.854339
-292.016
-105.539
257.338
-101.657
132.053
-112.141
198.293
-54.7931
-271.835
25.402
118.785
47.9503
-119.503
-285.12
-69.601
-132.741
21.16
33.5794
116.764
16.5362
57.6082
19.4809
110.42
-10.3181
-89.6159
6.93265
-4.95147
95.2677
-143.94
138.856
-96.5368
147.945
12.4595
26.491
82.3007
-67.1488
115.848
143.914
-15.7985
-55.1375
180.273
117.578
-18.062
-26.7723
-86.0431
30.4305
-50.0708
-13.1111
-12.7175
76.5391
-94.9588
80.777
120.583
325.944
25.8031
-47.0587
171.407
126.609
126.594
221.555
50.159
-265.052
-102.83
-226.02
-97.002
143.815
255
255
255
255
255
255
255
255
255
255
255
255
255
255
255
255
255
255
255
255
255
255
255
255
255
255
255
255
255
255
255
255
255
255
255
255
255
255
255
255
255
255
255
255
255
255
255
255
255
255
255
255
255
255
255
255
255
255
255
255
255
255
255
255
255
255
255
255
255
255
255
