209
-523.729
612.431
578.687
296.209
2.79457
590.011
-808.233
733.387
-230.272
59.4214
493.224
-0.345064
264.136
-363.405
-520.801
150.56
-70.0037
282.907
370.971
228.178
154.233
101.903
-328.792
-52.9166
-19.0809
8.88124
-69.48
517.705
-330.981
-174.219
-793.163
-226.014
-161.176
-186.978
228.826
155.771
-18.2551
-219.075
-347.861
-10.7186
-557.569
40.2439
-378.687
187.15
256.11
358.025
73.6296
290.553
-112.318
9.56316
-75.6482
187.516
67.6208
-286.785
-33.0944
146.359
24.1527
171.726
314.056
177.484
-4.82404
-10.1312
96.5862
-9.22355
-228.153
37.2527
-182.595
-74.405
-76.2179
119.319
-2.88743
-286.515
-118.9
203.592
-83.0055
97.7109
-122.051
237.247
-63.4271
-296.511
16.4648
130.478
44.652
-124.897
-267.882
-73.7677
-130.325
24.3368
43.3775
128.395
20.5211
56.8411
20.8058
102.016
-10.3181
-89.6159
6.93265
-4.95147
95.2677
-143.94
138.856
-96.5368
147.945
12.4595
26.491
82.3007
-67.1488
115.848
143.914
-15.7985
-55.1375
180.273
117.578
-18.062
-26.7723
-86.0431
30.4305
-50.0708
-13.1111
-12.7175
76.5391
-94.9588
80.777
120.583
325.944
25.8031
-47.0587
171.407
126.609
126.594
221.555
50.159
-265.052
-102.83
-226.02
-97.002
143.815
255
255
255
255
255
255
255
255
255
255
255
255
255
255
255
255
255
255
255
255
255
255
255
255
255
255
255
255
255
255
255
255
255
255
255
255
255
255
255
255
255
255
255
255
255
255
255
255
255
255
255
255
255
255
255
255
255
255
255
255
255
255
255
255
255
255
255
255
255
255
255
