209
-640.636
250.127
767.97
-104.771
590.912
212.44
-684.737
449.123
118.688
149.087
513.743
-22.1509
-94.5938
-271.857
-372.849
226.777
-111.994
142.693
304.187
227.3
244.417
-5.77157
-414.84
-73.3889
-4.5319
146.258
-91.9636
561.646
-304.461
-287.985
-834.348
-213.509
-292.406
-119.375
36.6471
148.719
5.01402
-213.744
-431.663
52.5081
-481.354
99.6257
-377.137
220.003
274.525
444.965
117.181
258.23
-116.049
4.95422
-151.663
272.125
2.47902
-260.994
26.8724
217.058
6.07985
158.064
329.375
197.296
17.7091
-0.712597
88.6733
-21.5534
-173.878
15.934
-227.53
-31.908
-43.9325
85.8365
13.9405
-275.593
-86.4787
266.411
-74
145.265
-90.4232
177.821
-30.1745
-304.04
17.5393
142.058
51.0318
-127.612
-289.766
-78.8388
-136.293
26.0329
34.5351
121.313
23.2116
58.4782
17.2545
104.459
-10.3181
-89.6159
6.93265
-4.95147
95.2677
-143.94
138.856
-96.5368
147.945
12.4595
26.491
82.3007
-67.1488
115.848
143.914
-15.7985
-55.1375
180.273
117.578
-18.062
-26.7723
-86.0431
30.4305
-50.0708
-13.1111
-12.7175
76.5391
-94.9588
80.777
120.583
325.944
25.8031
-47.0587
171.407
126.609
126.594
221.555
50.159
-265.052
-102.83
-226.02
-97.002
143.815
255
255
255
255
255
255
255
255
255
255
255
255
255
255
255
255
255
255
255
255
255
255
255
255
255
255
255
255
255
255
255
255
255
255
255
255
255
255
255
255
255
255
255
255
255
255
255
255
255
255
255
255
255
255
255
255
255
255
255
255
255
255
255
255
255
255
255
255
255
255
255
