209
-8.43638
150.197
1162.02
68.5248
108.677
273.927
-322.683
17.1549
-250.124
213.771
531.931
15.6092
181.503
-325.726
-407.99
71.1937
-117.654
267.822
348.906
318.004
83.7108
41.6715
-460.894
100.695
30.3957
101.451
-178.662
454.878
-316
-221.673
-883.22
-259.796
-314.53
-171.478
176.402
113.189
-18.8375
-83.8221
-425.956
40.5021
-486.047
93.1925
-397.737
162.962
308.248
381.469
26.0488
331.545
-183.602
51.6681
-108.079
221.45
75.208
-256.104
12.5532
185.398
36.4506
46.0814
292.766
201.777
-35.5651
-75.0309
98.2771
1.39017
-149.168
76.6869
-131.628
-106.057
-116.875
114.063
19.9788
-219.173
-95.7742
230.589
-83.9232
121.367
-103.889
214.997
-35.9095
-295.083
11.2144
122.475
52.7895
-122.52
-292.7
-74.891
-132.963
27.6836
36.7298
114.637
22.3142
58.2281
20.4704
107.329
-10.3181
-89.6159
6.93265
-4.95147
95.2677
-143.94
138.856
-96.5368
147.945
12.4595
26.491
82.3007
-67.1488
115.848
143.914
-15.7985
-55.1375
180.273
117.578
-18.062
-26.7723
-86.0431
30.4305
-50.0708
-13.1111
-12.7175
76.5391
-94.9588
80.777
120.583
325.944
25.8031
-47.0587
171.407
126.609
126.594
221.555
50.159
-265.052
-102.83
-226.02
-97.002
143.815
255
255
255
255
255
255
255
255
255
255
255
255
255
255
255
255
255
255
255
255
255
255
255
255
255
255
255
255
255
255
255
255
255
255
255
255
255
255
255
255
255
255
255
255
255
255
255
255
255
255
255
255
255
255
255
255
255
255
255
255
255
255
255
255
255
255
255
255
255
255
255
