209
-29.5563
368.021
1037.4
-68.7369
-65.8622
223.751
-307.337
804.04
6.01995
-7.54745
655.141
124.586
-34.1901
-288.065
-406.354
173.422
-249.925
172.243
119.096
299.518
210.138
38.3008
-429.395
-47.5452
-31.518
23.9265
-188.824
443.707
-275.372
-235.693
-827.789
-167.602
-286.615
-153.362
142.407
178.126
-52.3847
-200.453
-409.5
67.9488
-453.32
87.1751
-323.875
207.908
268.599
467.346
80.0377
331.231
-173.141
35.0679
-90.1959
167.245
2.14855
-302.268
12.7068
233.349
-47.2478
110.295
288.957
208.852
89.175
17.6683
60.7088
4.8928
-184.675
106.456
-169.072
-43.5185
-156.814
161.51
-4.62798
-316.968
-125.378
225.24
-38.5026
116.444
-89.1471
208.663
-30.7579
-280.497
-2.35526
122.735
53.3458
-108.743
-283.992
-63.888
-131.567
23.4536
33.1167
118.732
20.6919
56.9784
19.0775
102.62
-10.3181
-89.6159
6.93265
-4.95147
95.2677
-143.94
138.856
-96.5368
147.945
12.4595
26.491
82.3007
-67.1488
115.848
143.914
-15.7985
-55.1375
180.273
117.578
-18.062
-26.7723
-86.0431
30.4305
-50.0708
-13.1111
-12.7175
76.5391
-94.9588
80.777
120.583
325.944
25.8031
-47.0587
171.407
126.609
126.594
221.555
50.159
-265.052
-102.83
-226.02
-97.002
143.815
255
255
255
255
255
255
255
255
255
255
255
255
255
255
255
255
255
255
255
255
255
255
255
255
255
255
255
255
255
255
255
255
255
255
255
255
255
255
255
255
255
255
255
255
255
255
255
255
255
255
255
255
255
255
255
255
255
255
255
255
255
255
255
255
255
255
255
255
255
255
255
