209
-664.278
251.745
728.196
-130.726
633.71
234.492
-691.232
429.509
122.096
149.498
486.177
-26.9981
-93.9584
-307.589
-341.232
201.463
-112.425
73.6804
219.742
206.002
277.027
-47.3576
-388.896
-72.816
-12.3131
142.516
-29.5286
519.052
-300.976
-336.061
-869.179
-273.16
-243.243
22.8089
102.348
37.1326
-5.76185
-128.423
-250.499
9.88313
-416.152
84.1484
-370.091
316.839
371.988
392.198
78.4695
273.745
-119.713
-6.92302
-6.20141
37.6198
133.037
-301.558
-45.6906
182.179
-55.8405
94.1992
317.843
172.853
-11.9592
-4.03636
115.374
29.7602
-205.867
54.7407
-184.149
-78.2146
-111.968
162.247
5.4922
-264.02
-110.209
229.734
-89.0094
112.823
-86.2167
215.39
-47.7992
-289.885
12.1231
118.33
61.4071
-126.888
-277.299
-68.2139
-133.991
27.7402
34.6581
116.7
19.6959
56.731
18.7331
107.8
-10.3181
-89.6159
6.93265
-4.95147
95.2677
-143.94
138.856
-96.5368
147.945
12.4595
26.491
82.3007
-67.1488
115.848
143.914
-15.7985
-55.1375
180.273
117.578
-18.062
-26.7723
-86.0431
30.4305
-50.0708
-13.1111
-12.7175
76.5391
-94.9588
80.777
120.583
325.944
25.8031
-47.0587
171.407
126.609
126.594
221.555
50.159
-265.052
-102.83
-226.02
-97.002
143.815
255
255
255
255
255
255
255
255
255
255
255
255
255
255
255
255
255
255
255
255
255
255
255
255
255
255
255
255
255
255
255
255
255
255
255
255
255
255
255
255
255
255
255
255
255
255
255
255
255
255
255
255
255
255
255
255
255
255
255
255
255
255
255
255
255
255
255
255
255
255
255
