209
-689.78
454.025
711.33
-79.6555
142.693
-3.22958
-348.24
795.553
-72.7647
73.7721
642.364
179.626
151.355
-207.925
-399.446
241.208
-259.501
23.361
438.621
328.121
99.1391
-28.1424
-496.605
-93.1966
44.1478
66.5651
-163.453
508.602
-280.474
-360.35
-770.394
-271.28
-305.103
-294.787
184.085
250.931
32.354
-43.7423
-432.463
-26.4224
-301.371
115.546
-358.283
118.107
267.397
389.364
44.0211
316.838
-91.3121
37.7819
-166.219
146.866
93.5719
-253.946
-46.7716
172.435
7.69257
147.993
286.643
113.791
9.87677
-68.8553
82.6179
44.7979
-223.572
39.1426
-222.451
-85.1375
-110.465
131.198
20.8581
-295.148
-83.4216
257.384
-59.2027
118.833
-92.5261
215.035
-43.1734
-296.06
22.3628
125.577
65.0566
-124.926
-263.391
-64.6255
-137.97
25.8687
35.6837
119.422
22.4657
57.8289
19.8458
109.404
-10.3181
-89.6159
6.93265
-4.95147
95.2677
-143.94
138.856
-96.5368
147.945
12.4595
26.491
82.3007
-67.1488
115.848
143.914
-15.7985
-55.1375
180.273
117.578
-18.062
-26.7723
-86.0431
30.4305
-50.0708
-13.1111
-12.7175
76.5391
-94.9588
80.777
120.583
325.944
25.8031
-47.0587
171.407
126.609
126.594
221.555
50.159
-265.052
-102.83
-226.02
-97.002
143.815
255
255
255
255
255
255
255
255
255
255
255
255
255
255
255
255
255
255
255
255
255
255
255
255
255
255
255
255
255
255
255
255
255
255
255
255
255
255
255
255
255
255
255
255
255
255
255
255
255
255
255
255
255
255
255
255
255
255
255
255
255
255
255
255
255
255
255
255
255
255
255
