209
-574.739
604.242
458.402
159.35
89.2736
528.642
-723.661
795.617
-108.792
-47.5508
153.238
113.151
22.0585
-387.686
-537.753
259.391
-40.4021
282.293
461.304
336.451
53.579
161.956
-330.814
-38.6239
-24.5936
9.01075
-86.9231
446.354
-365.516
-245.004
-803.072
-2.39098
-283.588
-149.372
136.944
163.856
65.3548
-286.145
-355.819
-22.1883
-505.799
170.709
-408.869
180.928
336.034
476.611
76.6894
321.27
-100.83
14.8197
-86.441
203.01
101.82
-164.527
29.8617
217.79
-72.841
79.9843
296.018
164.882
20.2669
1.14375
103.518
-1.95792
-206.127
77.0244
-187.236
-55.4216
-120.852
118.103
24.7694
-239.773
-100.371
240.357
-61.4203
128.843
-72.4963
214.073
-31.0518
-292.969
31.2672
116.526
60.3564
-129.201
-275.171
-58.2582
-135.21
24.7073
29.1225
111.785
20.6575
58.6041
19.7937
109.951
-10.3181
-89.6159
6.93265
-4.95147
95.2677
-143.94
138.856
-96.5368
147.945
12.4595
26.491
82.3007
-67.1488
115.848
143.914
-15.7985
-55.1375
180.273
117.578
-18.062
-26.7723
-86.0431
30.4305
-50.0708
-13.1111
-12.7175
76.5391
-94.9588
80.777
120.583
325.944
25.8031
-47.0587
171.407
126.609
126.594
221.555
50.159
-265.052
-102.83
-226.02
-97.002
143.815
255
255
255
255
255
255
255
255
255
255
255
255
255
255
255
255
255
255
255
255
255
255
255
255
255
255
255
255
255
255
255
255
255
255
255
255
255
255
255
255
255
255
255
255
255
255
255
255
255
255
255
255
255
255
255
255
255
255
255
255
255
255
255
255
255
255
255
255
255
255
255
