209
-699.313
170.353
878.241
219.209
88.7732
588.592
-309.607
339.295
217.456
97.8368
415.886
-9.92289
384.686
-207.749
-536.062
212.619
10.0728
-33.8053
484.989
199.681
89.9427
-126.201
-593.711
-202.149
-65.0986
54.1994
-235.711
640.135
-294.095
-108.116
-884.448
-157.293
-253.108
-157.808
14.3788
204.464
-109.024
-180.571
-399.458
16.9166
-459.069
131.68
-272.814
89.0139
233.538
434.73
170.298
274.881
-45.726
39.82
4.85189
151.05
42.7944
-248.498
-39.623
205.491
-8.37434
49.377
274.233
199.332
8.19989
5.60708
77.0195
-20.8755
-183.966
62.1609
-202.401
-52.4047
-84.842
157.193
-11.1554
-264.502
-86.0155
217.355
-67.9847
109.152
-92.7834
200.036
-53.5754
-289.79
20.5497
124.008
59.9095
-123.544
-273.481
-73.5734
-134.208
27.9349
34.3142
115.805
19.1417
56.9009
18.561
107.668
-10.3181
-89.6159
6.93265
-4.95147
95.2677
-143.94
138.856
-96.5368
147.945
12.4595
26.491
82.3007
-67.1488
115.848
143.914
-15.7985
-55.1375
180.273
117.578
-18.062
-26.7723
-86.0431
30.4305
-50.0708
-13.1111
-12.7175
76.5391
-94.9588
80.777
120.583
325.944
25.8031
-47.0587
171.407
126.609
126.594
221.555
50.159
-265.052
-102.83
-226.02
-97.002
143.815
255
255
255
255
255
255
255
255
255
255
255
255
255
255
255
255
255
255
255
255
255
255
255
255
255
255
255
255
255
255
255
255
255
255
255
255
255
255
255
255
255
255
255
255
255
255
255
255
255
255
255
255
255
255
255
255
255
255
255
255
255
255
255
255
255
255
255
255
255
255
255
