209
-1190.56
370.11
1058.62
-467.356
99.2854
179.29
-515.229
396.003
-177.951
-183.227
414.393
147.981
116.548
-14.9239
-557.24
149.247
-172.266
353.923
254.399
82.2323
59.2192
51.0223
-358.182
-46.3746
20.8268
-29.3174
-72.8509
533.347
-217.613
-239.789
-789.018
-128.571
-201.217
-216.259
44.7664
174.439
-2.62313
-181.132
-460.725
40.9686
-482.78
-84.9105
-320.454
195.105
248.304
399.344
78.9653
243.145
-91.8586
54.6953
-102.298
121.553
51.0447
-280.475
-9.02619
134.66
-39.8122
87.3781
287.994
187.69
-17.7483
-1.2571
97.0991
32.8014
-214.373
75.4953
-193.38
-78.6595
-113.708
139.501
17.7409
-234.206
-132.582
240.297
-59.5121
167.892
-79.045
188.511
-50.4194
-301.672
33.1151
122.68
43.7599
-108.405
-270.88
-79.2972
-123.956
25.7103
38.1871
118.98
17.6632
58.1814
17.9366
107.059
-10.3181
-89.6159
6.93265
-4.95147
95.2677
-143.94
138.856
-96.5368
147.945
12.4595
26.491
82.3007
-67.1488
115.848
143.914
-15.7985
-55.1375
180.273
117.578
-18.062
-26.7723
-86.0431
30.4305
-50.0708
-13.1111
-12.7175
76.5391
-94.9588
80.777
120.583
325.944
25.8031
-47.0587
171.407
126.609
126.594
221.555
50.159
-265.052
-102.83
-226.02
-97.002
143.815
255
255
255
255
255
255
255
255
255
255
255
255
255
255
255
255
255
255
255
255
255
255
255
255
255
255
255
255
255
255
255
255
255
255
255
255
255
255
255
255
255
255
255
255
255
255
255
255
255
255
255
255
255
255
255
255
255
255
255
255
255
255
255
255
255
255
255
255
255
255
255
