209
-996.857
239.619
1202.25
16.4336
10.5848
419.549
-539.535
515.163
83.3094
75.3837
650.585
-35.7334
67.0233
-327.223
-532.292
274.021
-130.124
205.73
331.113
281.25
125.443
19.2269
-439.935
-122.285
29.3078
43.6028
-137.87
508.436
-359.392
-240.702
-855.004
-250.392
-262.843
-199.13
180.112
97.5625
22.6589
-197.807
-441.325
-6.68027
-454.297
67.4641
-393.496
176.409
361.13
473.026
47.6196
280.047
-172.857
29.5019
-19.248
243.24
74.8082
-241.14
32.2342
213.561
10.2245
134.492
308.065
106.451
29.9169
-26.2912
121.094
-9.83311
-164.652
64.9693
-172.253
-109.467
-86.3615
201.229
30.1572
-301.635
-126.718
225.803
-83.1805
140.622
-50.9373
205.128
-71.764
-278.927
42.5262
135.93
57.1636
-125.55
-273.576
-92.2047
-135.123
28.7298
19.78
121.03
23.1125
53.0549
18.3181
105.855
-10.3181
-89.6159
6.93265
-4.95147
95.2677
-143.94
138.856
-96.5368
147.945
12.4595
26.491
82.3007
-67.1488
115.848
143.914
-15.7985
-55.1375
180.273
117.578
-18.062
-26.7723
-86.0431
30.4305
-50.0708
-13.1111
-12.7175
76.5391
-94.9588
80.777
120.583
325.944
25.8031
-47.0587
171.407
126.609
126.594
221.555
50.159
-265.052
-102.83
-226.02
-97.002
143.815
255
255
255
255
255
255
255
255
255
255
255
255
255
255
255
255
255
255
255
255
255
255
255
255
255
255
255
255
255
255
255
255
255
255
255
255
255
255
255
255
255
255
255
255
255
255
255
255
255
255
255
255
255
255
255
255
255
255
255
255
255
255
255
255
255
255
255
255
255
255
255
