209
-1047.74
173.596
1101.84
178.168
-123.683
154.828
-596.736
378.647
300.681
-365.584
668.415
-37.0156
146.018
-80.9377
-305.882
-19.4016
-142.134
245.819
276.38
203.62
100.959
-89.3851
-399.364
-52.7896
24.9464
-146.775
165.156
364.604
-210.146
-347.551
-897.241
-164.83
-225.323
-144.179
27.1945
121.993
-6.35071
-184.434
-336.812
22.9868
-435.67
22.079
-417.428
77.1839
338.767
461.128
66.701
365.278
-109.331
2.00586
-80.1748
203.295
22.9297
-243.896
42.3801
218.628
15.8723
135.148
309.414
186.755
7.88336
-11.7443
110.165
8.17432
-217.288
64.8537
-221.343
-75.5353
-107.393
120.198
-14.4518
-271.033
-84.662
215.714
-78.4761
109.97
-102.451
223.042
-45.4582
-272.049
7.7027
121.067
58.8585
-136.988
-279.512
-74.9115
-137.99
29.002
33.2888
114.572
21.7112
56.1933
18.5593
108.408
-10.3181
-89.6159
6.93265
-4.95147
95.2677
-143.94
138.856
-96.5368
147.945
12.4595
26.491
82.3007
-67.1488
115.848
143.914
-15.7985
-55.1375
180.273
117.578
-18.062
-26.7723
-86.0431
30.4305
-50.0708
-13.1111
-12.7175
76.5391
-94.9588
80.777
120.583
325.944
25.8031
-47.0587
171.407
126.609
126.594
221.555
50.159
-265.052
-102.83
-226.02
-97.002
143.815
255
255
255
255
255
255
255
255
255
255
255
255
255
255
255
255
255
255
255
255
255
255
255
255
255
255
255
255
255
255
255
255
255
255
255
255
255
255
255
255
255
255
255
255
255
255
255
255
255
255
255
255
255
255
255
255
255
255
255
255
255
255
255
255
255
255
255
255
255
255
255
