209
-666.394
142.872
587.037
165.172
-210.757
532.691
-453.866
610.96
152.746
353.243
520.394
-145.154
33.8356
125.156
-460.163
192.867
-208.917
-3.84885
147.429
355.33
180.889
162.839
-410.794
40.9206
-78.8551
128.767
-46.5698
495.197
-168.898
-214.839
-759.99
-86.7741
-486.638
-272.201
119.399
203.597
-109.096
-165.383
-460.595
85.5895
-506.291
6.85103
-443.283
153.435
334.478
390.036
78.3516
305.507
-165.937
60.5057
-53.3082
140.093
90.5974
-256.626
-8.2787
160.97
-41.3333
114.8
308.389
129.715
19.0032
10.353
167.394
-38.2244
-214.804
18.8776
-180.39
-57.3379
-94.4158
136.176
0.0242958
-263.346
-101.245
245.228
-80.6698
123.692
-82.1876
220.864
-32.2998
-288.019
9.97016
121.951
56.151
-127.098
-277.322
-85.5313
-135.777
28.0564
38.0221
115.905
15.6854
57.1378
18.7502
106.927
-10.3181
-89.6159
6.93265
-4.95147
95.2677
-143.94
138.856
-96.5368
147.945
12.4595
26.491
82.3007
-67.1488
115.848
143.914
-15.7985
-55.1375
180.273
117.578
-18.062
-26.7723
-86.0431
30.4305
-50.0708
-13.1111
-12.7175
76.5391
-94.9588
80.777
120.583
325.944
25.8031
-47.0587
171.407
126.609
126.594
221.555
50.159
-265.052
-102.83
-226.02
-97.002
143.815
255
255
255
255
255
255
255
255
255
255
255
255
255
255
255
255
255
255
255
255
255
255
255
255
255
255
255
255
255
255
255
255
255
255
255
255
255
255
255
255
255
255
255
255
255
255
255
255
255
255
255
255
255
255
255
255
255
255
255
255
255
255
255
255
255
255
255
255
255
255
255
