209
-771.115
-165.3
738.777
-104.181
264.791
264.225
-745.576
448.248
-85.4506
153.101
629.962
77.2151
122.426
-349.404
-554.12
68.377
-327.001
205.365
360.861
319.333
137.91
-51.0306
-407.087
-67.3821
90.2252
85.2179
-113.377
552.84
-422.718
-203.968
-802.324
-124.13
-272.742
-150.022
54.1019
279.972
-123.163
-180.513
-384.121
-37.4396
-473.051
32.6223
-436.36
76.2542
308.205
466.511
56.1629
307.476
-225.31
24.6534
-54.2962
147.451
47.3007
-296.108
-71.4124
202.741
-12.4279
156.181
327.746
140.23
34.2992
-47.9972
47.4514
-17.5794
-208.333
63.1626
-177.63
-36.6548
-75.7126
113.649
26.8373
-262.961
-154.458
203.55
-91.8197
145.147
-80.3571
194.195
-33.6693
-265.628
17.7652
109.637
64.1541
-139.586
-276.347
-61.9996
-122.707
26.5271
42.1554
111.981
22.1438
53.9514
17.9586
108.136
-10.3181
-89.6159
6.93265
-4.95147
95.2677
-143.94
138.856
-96.5368
147.945
12.4595
26.491
82.3007
-67.1488
115.848
143.914
-15.7985
-55.1375
180.273
117.578
-18.062
-26.7723
-86.0431
30.4305
-50.0708
-13.1111
-12.7175
76.5391
-94.9588
80.777
120.583
325.944
25.8031
-47.0587
171.407
126.609
126.594
221.555
50.159
-265.052
-102.83
-226.02
-97.002
143.815
255
255
255
255
255
255
255
255
255
255
255
255
255
255
255
255
255
255
255
255
255
255
255
255
255
255
255
255
255
255
255
255
255
255
255
255
255
255
255
255
255
255
255
255
255
255
255
255
255
255
255
255
255
255
255
255
255
255
255
255
255
255
255
255
255
255
255
255
255
255
255
