209
-617.239
-272.915
543.333
-347.543
97.0993
629.124
-481.841
503.202
40.5396
-92.7936
726.847
51.1277
-114.817
-435.41
-426.625
61.3784
-137.423
283.045
341.248
236.778
76.7313
28.9681
-298.898
-16.367
-95.7999
103.726
-172.083
453.72
-399.072
-337.151
-728.099
-183.088
-222.312
-194.229
188.624
242.21
-68.6959
-205.739
-481.058
139.362
-478.436
147.232
-356.4
168.246
349.855
463.987
145.954
245.11
-114.776
56.4329
-171.447
174.017
76.1358
-301.334
30.2276
185.015
-15.3764
72.6676
271.31
207.628
0.961239
-26.9624
124.983
15.8275
-228.692
79.0209
-192.129
-27.8674
-93.9189
158.355
-9.10044
-278.224
-101.739
224.835
-113.781
120.634
-104.208
214.223
-60.7638
-285.712
12.185
111.563
68.2672
-125.019
-265.177
-90.236
-135.588
29.0753
36.0719
119.538
24.1522
58.5778
13.8216
110.205
-10.3181
-89.6159
6.93265
-4.95147
95.2677
-143.94
138.856
-96.5368
147.945
12.4595
26.491
82.3007
-67.1488
115.848
143.914
-15.7985
-55.1375
180.273
117.578
-18.062
-26.7723
-86.0431
30.4305
-50.0708
-13.1111
-12.7175
76.5391
-94.9588
80.777
120.583
325.944
25.8031
-47.0587
171.407
126.609
126.594
221.555
50.159
-265.052
-102.83
-226.02
-97.002
143.815
255
255
255
255
255
255
255
255
255
255
255
255
255
255
255
255
255
255
255
255
255
255
255
255
255
255
255
255
255
255
255
255
255
255
255
255
255
255
255
255
255
255
255
255
255
255
255
255
255
255
255
255
255
255
255
255
255
255
255
255
255
255
255
255
255
255
255
255
255
255
255
