209
-795.543
356.621
603.213
199.643
-184.094
536.013
-953.244
658.916
-327.834
211.046
504.952
24.0154
145.966
-258.745
-429.776
18.0736
-42.3856
247.866
328.861
276.427
317.402
48.69
-450.55
-16.3446
-48.6417
-30.5255
-88.504
518.848
-276.956
-201.9
-793.61
-281.794
-236.727
-199.722
52.0375
79.6996
-0.0553402
-119.971
-416.528
59.6702
-400.539
2.26336
-325.972
197.287
199.003
463.48
82.5455
387.345
-132.546
47.4045
-102.549
174.172
84.9107
-333.61
-25.5415
176.171
-22.9362
122.094
338.321
204.713
105.624
-78.1931
118.988
7.15671
-156.853
52.3805
-213.15
-36.0643
-100.867
154.539
-18.4547
-257.422
-94.8479
225.161
-101.482
123.21
-74.2516
212.656
-37.9063
-293.831
37.1978
130.199
59.3013
-112.441
-283.917
-70.8384
-136.322
33.7651
30.8862
111.186
21.7764
56.5428
12.5008
110.417
-10.3181
-89.6159
6.93265
-4.95147
95.2677
-143.94
138.856
-96.5368
147.945
12.4595
26.491
82.3007
-67.1488
115.848
143.914
-15.7985
-55.1375
180.273
117.578
-18.062
-26.7723
-86.0431
30.4305
-50.0708
-13.1111
-12.7175
76.5391
-94.9588
80.777
120.583
325.944
25.8031
-47.0587
171.407
126.609
126.594
221.555
50.159
-265.052
-102.83
-226.02
-97.002
143.815
255
255
255
255
255
255
255
255
255
255
255
255
255
255
255
255
255
255
255
255
255
255
255
255
255
255
255
255
255
255
255
255
255
255
255
255
255
255
255
255
255
255
255
255
255
255
255
255
255
255
255
255
255
255
255
255
255
255
255
255
255
255
255
255
255
255
255
255
255
255
255
