209
-212.973
-263.965
999.102
-337.955
-324.751
392.308
-616.537
571.095
-96.1133
-37.5
597.312
-210.645
160.327
-175.613
-395.053
389.941
-271.982
218.899
348.132
277.299
224.375
43.9829
-447.132
-123.384
-31.2238
22.3993
-52.0834
538.932
-365.619
-191.036
-779.624
-217.52
-181.566
-176.341
61.211
158.254
-5.87197
-166.522
-310.764
21.8125
-477.773
69.4968
-340.783
135.04
346.958
430.015
15.9228
292.119
-142.863
12.5735
-103.427
223.879
151.049
-295.878
24.034
196.077
-7.77854
116.364
271.069
159.089
11.6324
37.2169
73.4364
40.0099
-189.363
45.29
-160.978
-64.8325
-71.1188
132.697
34.685
-279.615
-100.766
235.691
-68.6063
92.5419
-77.7515
188.243
-42.762
-294.751
23.4576
119.891
50.8808
-124.53
-278.799
-64.8855
-138.473
43.6325
42.3776
117.278
9.59315
65.8461
11.7483
107.966
-10.3181
-89.6159
6.93265
-4.95147
95.2677
-143.94
138.856
-96.5368
147.945
12.4595
26.491
82.3007
-67.1488
115.848
143.914
-15.7985
-55.1375
180.273
117.578
-18.062
-26.7723
-86.0431
30.4305
-50.0708
-13.1111
-12.7175
76.5391
-94.9588
80.777
120.583
325.944
25.8031
-47.0587
171.407
126.609
126.594
221.555
50.159
-265.052
-102.83
-226.02
-97.002
143.815
255
255
255
255
255
255
255
255
255
255
255
255
255
255
255
255
255
255
255
255
255
255
255
255
255
255
255
255
255
255
255
255
255
255
255
255
255
255
255
255
255
255
255
255
255
255
255
255
255
255
255
255
255
255
255
255
255
255
255
255
255
255
255
255
255
255
255
255
255
255
255
