209
-712.562
-402.49
595.741
-319.093
268.421
568.979
-501.286
579.788
49.4484
62.9377
594.261
152.481
209.909
-402.211
-361.299
126.863
-167.137
226.611
30.9018
373.762
66.8506
-50.6312
-334.349
-35.6897
25.5252
-105.996
-138.179
511.58
-291.466
-145.375
-735.967
-247.678
-326.943
-206.511
138.445
130.097
105.253
-193.115
-302.572
31.4591
-425.947
31.3567
-317.818
134.258
268.445
400.493
78.1086
307.566
-180.513
74.5067
-74.4825
271.414
86.4601
-208.834
-160.954
252.305
-50.1866
160.891
285.725
215.48
-32.6738
5.68121
159.101
-7.51375
-190.805
72.9023
-219.177
-71.789
-90.2655
165.077
2.03414
-253.463
-103.741
234.466
-62.0665
122.168
-87.9819
208.553
-41.0178
-295.371
15.179
123.857
58.7301
-123.674
-279.856
-74.1098
-134.523
26.3319
36.5471
117.047
18.9488
56.7791
18.3987
107.658
-10.3181
-89.6159
6.93265
-4.95147
95.2677
-143.94
138.856
-96.5368
147.945
12.4595
26.491
82.3007
-67.1488
115.848
143.914
-15.7985
-55.1375
180.273
117.578
-18.062
-26.7723
-86.0431
30.4305
-50.0708
-13.1111
-12.7175
76.5391
-94.9588
80.777
120.583
325.944
25.8031
-47.0587
171.407
126.609
126.594
221.555
50.159
-265.052
-102.83
-226.02
-97.002
143.815
255
255
255
255
255
255
255
255
255
255
255
255
255
255
255
255
255
255
255
255
255
255
255
255
255
255
255
255
255
255
255
255
255
255
255
255
255
255
255
255
255
255
255
255
255
255
255
255
255
255
255
255
255
255
255
255
255
255
255
255
255
255
255
255
255
255
255
255
255
255
255
