209
-308.995
-359.501
922.322
-269.496
-223.392
311.693
-618.023
680.298
-197.262
-35.4664
602.942
26.9377
36.5785
-321.29
-281.058
343.106
-193.371
169.301
472.257
199.106
142.902
146.825
-537.04
-3.80464
-55.8592
22.1799
-123.188
558.099
-246.717
-143.705
-913.27
-209.442
-200.312
-165.131
90.0398
161.318
-20.5261
-183.286
-287.89
41.7252
-505.623
-12.4855
-368.889
161.185
279.843
469.083
71.1478
298.529
-138.349
30.7321
-96.5818
169.767
123.158
-313.13
2.14054
188.241
-1.25236
124.206
306.115
129.709
9.11961
26.359
121.178
-17.4045
-222.902
60.5283
-193.102
-44.3896
-92.1221
123.815
-1.42651
-238.283
-85.4589
240.297
-63.7735
118.889
-78.1176
199.937
-51.6172
-288.194
4.66268
130.521
79.452
-111.757
-288.205
-75.5002
-129.473
14.3512
31.991
125.416
30.23
46.7453
23.9395
110.908
-10.3181
-89.6159
6.93265
-4.95147
95.2677
-143.94
138.856
-96.5368
147.945
12.4595
26.491
82.3007
-67.1488
115.848
143.914
-15.7985
-55.1375
180.273
117.578
-18.062
-26.7723
-86.0431
30.4305
-50.0708
-13.1111
-12.7175
76.5391
-94.9588
80.777
120.583
325.944
25.8031
-47.0587
171.407
126.609
126.594
221.555
50.159
-265.052
-102.83
-226.02
-97.002
143.815
255
255
255
255
255
255
255
255
255
255
255
255
255
255
255
255
255
255
255
255
255
255
255
255
255
255
255
255
255
255
255
255
255
255
255
255
255
255
255
255
255
255
255
255
255
255
255
255
255
255
255
255
255
255
255
255
255
255
255
255
255
255
255
255
255
255
255
255
255
255
255
