209
-751.965
57.6343
838.863
55.9604
21.1174
189.478
-625.395
646.978
-79.979
210.32
674.303
80.3747
168.584
-111.641
-602.347
-35.701
-122.013
-4.64987
420.738
338.115
113.959
93.6646
-322.703
-55.8572
-202.018
186.655
-127.662
328.693
-360.766
-205.264
-944.668
-214.314
-177.262
-276.886
3.00447
129.393
178.002
-127.001
-351.567
-81.1227
-427.861
61.5845
-377.254
171.5
308.889
387.796
171.381
229.07
-227.02
75.3256
-86.985
151.231
68.74
-255.464
41.0269
237.276
6.28178
172.303
271.301
176.372
30.8711
23.3125
108.872
-13.0613
-184.491
79.3535
-200.343
-48.3737
-107.048
153.994
25.8477
-228.873
-104.465
245.013
-86.796
118.42
-107.967
199.887
-59.1235
-280.045
9.47603
118.586
51.9946
-117.483
-273.944
-69.7069
-126.42
22.3916
34.0816
117.591
18.7572
57.9608
14.2668
106.853
-10.3181
-89.6159
6.93265
-4.95147
95.2677
-143.94
138.856
-96.5368
147.945
12.4595
26.491
82.3007
-67.1488
115.848
143.914
-15.7985
-55.1375
180.273
117.578
-18.062
-26.7723
-86.0431
30.4305
-50.0708
-13.1111
-12.7175
76.5391
-94.9588
80.777
120.583
325.944
25.8031
-47.0587
171.407
126.609
126.594
221.555
50.159
-265.052
-102.83
-226.02
-97.002
143.815
255
255
255
255
255
255
255
255
255
255
255
255
255
255
255
255
255
255
255
255
255
255
255
255
255
255
255
255
255
255
255
255
255
255
255
255
255
255
255
255
255
255
255
255
255
255
255
255
255
255
255
255
255
255
255
255
255
255
255
255
255
255
255
255
255
255
255
255
255
255
255
