209
-822.361
-46.8979
564.683
290.113
-236.689
-43.2838
-830.651
459.889
321.479
-235.599
539.486
7.93999
-63.8477
-467.293
-426.615
26.0554
-258.89
132.931
401.15
376.499
81.3223
146.335
-509.397
-16.0631
24.1985
68.8613
-236.237
464.404
-381.292
-205.482
-866.557
-304.186
-312.932
-157.486
24.7986
119.494
-54.0225
-192.523
-376.889
32.6161
-484.34
104.332
-304.065
137.922
188.599
286.174
80.1836
278.239
-97.6061
-36.9235
-134.101
212.762
81.2182
-300.739
19.6936
177.724
-75.7655
105.608
284.855
153.899
-0.860133
-10.9347
178.227
26.2827
-185.839
21.6701
-179.124
-57.9593
-103.375
161.322
24.8885
-263.323
-115.703
210.044
-64.7596
144.008
-72.6711
212.44
-44.0928
-279.206
8.20645
129.999
44.0164
-131.554
-277.152
-68.2922
-128.629
22.0141
38.2057
116.33
19.4899
57.6286
17.1427
107.137
-10.3181
-89.6159
6.93265
-4.95147
95.2677
-143.94
138.856
-96.5368
147.945
12.4595
26.491
82.3007
-67.1488
115.848
143.914
-15.7985
-55.1375
180.273
117.578
-18.062
-26.7723
-86.0431
30.4305
-50.0708
-13.1111
-12.7175
76.5391
-94.9588
80.777
120.583
325.944
25.8031
-47.0587
171.407
126.609
126.594
221.555
50.159
-265.052
-102.83
-226.02
-97.002
143.815
255
255
255
255
255
255
255
255
255
255
255
255
255
255
255
255
255
255
255
255
255
255
255
255
255
255
255
255
255
255
255
255
255
255
255
255
255
255
255
255
255
255
255
255
255
255
255
255
255
255
255
255
255
255
255
255
255
255
255
255
255
255
255
255
255
255
255
255
255
255
255
