209
-808.395
-186.607
734.539
394.264
-15.0206
85.7087
-744.884
514.298
297.257
-209.086
544.645
97.0249
74.2401
-304.957
-453.899
180.263
-335.421
229.066
464.564
265.215
86.0232
124.476
-492.144
4.17757
99.196
98.6903
-114.597
569.783
-367.699
-276.699
-744.539
-235.362
-331.517
-185.845
132.739
110.593
22.5861
-154.941
-418.682
11.8093
-445.419
16.4981
-434.637
230.163
195.01
408.825
113.653
290.758
-169.615
-10.8152
-90.3865
134.634
83.5984
-222.358
-46.7012
196.47
36.6468
140.815
320.88
180.449
2.74402
42.9448
59.1053
-59.2615
-201.949
112.85
-157.396
-47.3448
-107.327
142.627
-11.1712
-285.95
-110.186
237.174
-82.83
117.279
-106.682
205.61
-41.9219
-322.758
30.8788
101.819
57.0564
-113.768
-287.3
-83.9939
-141.803
30.9781
27.9543
117.671
14.3369
56.0446
17.0317
109.914
-10.3181
-89.6159
6.93265
-4.95147
95.2677
-143.94
138.856
-96.5368
147.945
12.4595
26.491
82.3007
-67.1488
115.848
143.914
-15.7985
-55.1375
180.273
117.578
-18.062
-26.7723
-86.0431
30.4305
-50.0708
-13.1111
-12.7175
76.5391
-94.9588
80.777
120.583
325.944
25.8031
-47.0587
171.407
126.609
126.594
221.555
50.159
-265.052
-102.83
-226.02
-97.002
143.815
255
255
255
255
255
255
255
255
255
255
255
255
255
255
255
255
255
255
255
255
255
255
255
255
255
255
255
255
255
255
255
255
255
255
255
255
255
255
255
255
255
255
255
255
255
255
255
255
255
255
255
255
255
255
255
255
255
255
255
255
255
255
255
255
255
255
255
255
255
255
255
