209
-454.059
-277.836
1005.33
-64.1891
26.6147
-8.72581
-808.414
545.146
-5.64866
298.418
347.355
-5.7896
27.6786
-442.621
-353.184
186.846
-91.0143
165.021
419.922
97.0485
-13.5933
223.673
-257.019
-70.9346
82.5004
-92.9198
26.5721
571.916
-196.974
-105.236
-792.898
-148.452
-423.411
-165.778
179.049
251.296
108.572
-56.1012
-469.561
13.8959
-453.92
87.4862
-265.059
146.478
264.509
492.431
107.616
264.591
-145.296
-14.8111
-47.5213
108.938
-13.5097
-284.962
34.9168
220.938
-2.00737
128.162
318.274
183.5
15.6953
-18.276
139.828
44.5587
-197.886
62.458
-182.689
-60.5523
-70.2343
169.743
37.8314
-274.448
-104.617
225.26
-87.4169
99.8035
-97.866
203.884
-42.1757
-289.406
15.7798
123.608
55.9565
-128.399
-282.769
-71.4414
-134.069
25.7235
35.9383
116.868
18.3867
57.4566
18.753
107.637
-10.3181
-89.6159
6.93265
-4.95147
95.2677
-143.94
138.856
-96.5368
147.945
12.4595
26.491
82.3007
-67.1488
115.848
143.914
-15.7985
-55.1375
180.273
117.578
-18.062
-26.7723
-86.0431
30.4305
-50.0708
-13.1111
-12.7175
76.5391
-94.9588
80.777
120.583
325.944
25.8031
-47.0587
171.407
126.609
126.594
221.555
50.159
-265.052
-102.83
-226.02
-97.002
143.815
255
255
255
255
255
255
255
255
255
255
255
255
255
255
255
255
255
255
255
255
255
255
255
255
255
255
255
255
255
255
255
255
255
255
255
255
255
255
255
255
255
255
255
255
255
255
255
255
255
255
255
255
255
255
255
255
255
255
255
255
255
255
255
255
255
255
255
255
255
255
255
