209
-539.963
-150.875
827.9
109.516
-171.992
213.522
-461.838
560.181
-177.458
-99.0362
576.36
385.247
51.6969
-343.688
-453.949
221.042
-154.026
94.4135
225.004
213.406
490.453
-3.12608
-478.97
-99.4822
33.8278
77.1056
-156.844
535.668
-297.918
-268.311
-918.145
-24.015
-267.777
-198.642
131.83
206.425
52.5967
-140.393
-334.603
17.782
-495.947
95.5616
-315.025
203.69
280.958
434.835
91.8516
338.162
-175.522
44.4131
-100.186
203.104
-24.0825
-282.589
-3.52246
209.53
35.8983
53.9002
346.138
130.512
-30.5769
14.6688
155.982
-23.5538
-213.416
10.7301
-234.954
-70.0901
-130.793
146.249
22.8876
-257.274
-132.408
223.614
-97.239
124.404
-89.5506
213.894
-60.596
-312.314
24.9851
107.144
51.2788
-131.846
-280.463
-65.1045
-134.495
35.4232
36.0983
119.731
19.1806
55.8983
16.0099
108.148
-10.3181
-89.6159
6.93265
-4.95147
95.2677
-143.94
138.856
-96.5368
147.945
12.4595
26.491
82.3007
-67.1488
115.848
143.914
-15.7985
-55.1375
180.273
117.578
-18.062
-26.7723
-86.0431
30.4305
-50.0708
-13.1111
-12.7175
76.5391
-94.9588
80.777
120.583
325.944
25.8031
-47.0587
171.407
126.609
126.594
221.555
50.159
-265.052
-102.83
-226.02
-97.002
143.815
255
255
255
255
255
255
255
255
255
255
255
255
255
255
255
255
255
255
255
255
255
255
255
255
255
255
255
255
255
255
255
255
255
255
255
255
255
255
255
255
255
255
255
255
255
255
255
255
255
255
255
255
255
255
255
255
255
255
255
255
255
255
255
255
255
255
255
255
255
255
255
