209
-860.598
-170.162
811.662
179.349
-41.0773
102.89
-371.364
679.441
198.102
132.396
469.315
366.4
91.1366
-255.568
-514.447
178.525
-13.8929
258.455
434.502
376.155
220.16
-15.4401
-361.547
-145.597
5.18086
130.891
-130.746
474.865
-373.376
-221.224
-804.742
-137.846
-420.695
-263.301
103.722
61.8833
-50.449
-129.44
-352.836
2.53031
-570.16
-12.3423
-365.127
200.469
411.756
488.089
136.123
282.41
-138.646
25.9014
-175.81
162.101
102.16
-281.622
-50.5982
150.219
35.3548
130.294
316.49
197.577
26.4014
-11.6783
131.712
65.6436
-212.431
79.158
-187.161
-65.9092
-103.15
134.812
-17.2033
-265.247
-98.8236
185.455
-54.3446
107.802
-90.3753
176.838
-49.331
-292.6
25.4506
150.398
55.7561
-132.73
-286.374
-71.3441
-128.509
25.0623
31.6001
115.77
19.2067
59.6873
18.7708
107.574
-10.3181
-89.6159
6.93265
-4.95147
95.2677
-143.94
138.856
-96.5368
147.945
12.4595
26.491
82.3007
-67.1488
115.848
143.914
-15.7985
-55.1375
180.273
117.578
-18.062
-26.7723
-86.0431
30.4305
-50.0708
-13.1111
-12.7175
76.5391
-94.9588
80.777
120.583
325.944
25.8031
-47.0587
171.407
126.609
126.594
221.555
50.159
-265.052
-102.83
-226.02
-97.002
143.815
255
255
255
255
255
255
255
255
255
255
255
255
255
255
255
255
255
255
255
255
255
255
255
255
255
255
255
255
255
255
255
255
255
255
255
255
255
255
255
255
255
255
255
255
255
255
255
255
255
255
255
255
255
255
255
255
255
255
255
255
255
255
255
255
255
255
255
255
255
255
255
