209
-846.462
297.12
1233.52
-119.777
-109.389
322.961
-498.403
432.89
228.369
69.9083
493.911
-39.3847
154.92
-179.579
-599.913
283.066
-142.912
263.131
297.417
425.64
236.1
36.7571
-405.852
-44.8258
67.2373
-19.8337
-91.5792
466.67
-417.175
-252.536
-812.015
-225.197
-207.614
-190.377
162.968
178.217
-16.7207
-233.861
-462.421
-55.4256
-430.673
65.4966
-305.007
245.826
268.193
464.717
79.6259
306.377
-169.681
58.7779
-96.8379
150.26
126.439
-259.135
39.1988
178.045
25.665
118.205
356.752
201.131
6.28224
-17.1056
154.478
-48.7913
-215.585
73.5617
-208.616
-62.7126
-54.5753
186.49
23.0832
-286.182
-65.592
214.008
-73.2729
136.945
-87.3402
206.073
-27.8153
-319.923
-8.51629
113.64
60.84
-128.012
-276.289
-57.4033
-111.929
25.8777
42.3845
114.958
23.6778
57.331
18.6255
108.534
-10.3181
-89.6159
6.93265
-4.95147
95.2677
-143.94
138.856
-96.5368
147.945
12.4595
26.491
82.3007
-67.1488
115.848
143.914
-15.7985
-55.1375
180.273
117.578
-18.062
-26.7723
-86.0431
30.4305
-50.0708
-13.1111
-12.7175
76.5391
-94.9588
80.777
120.583
325.944
25.8031
-47.0587
171.407
126.609
126.594
221.555
50.159
-265.052
-102.83
-226.02
-97.002
143.815
255
255
255
255
255
255
255
255
255
255
255
255
255
255
255
255
255
255
255
255
255
255
255
255
255
255
255
255
255
255
255
255
255
255
255
255
255
255
255
255
255
255
255
255
255
255
255
255
255
255
255
255
255
255
255
255
255
255
255
255
255
255
255
255
255
255
255
255
255
255
255
