209
-378.418
-327.836
857.416
-315.896
-43.5611
335.562
-544.249
718.205
65.6691
63.6875
664.354
204.574
-17.1134
-330.126
-335.075
373.68
-34.1121
295.837
600.552
271.674
191.25
-2.37132
-425.13
-40.6908
-15.168
-81.9265
-158.776
489.904
-217.556
-228.93
-893.382
-234.392
-294.693
-186.803
87.0985
70.6081
-11.8682
-104.677
-441.35
83.6309
-426.068
92.0305
-442.421
263.242
338.079
396.833
121.069
347.336
-117.707
101.921
-57.6001
188.455
28.7492
-275.256
-8.72444
153.606
-9.52897
158.185
289.778
179.38
10.3876
7.02451
87.5771
-24.4641
-169.878
44.0867
-187.526
-53.9204
-93.1847
153.348
2.20765
-256.517
-70.8802
211.159
-82.2737
142.879
-89.7521
213.936
-21.9537
-273.239
34.6427
101.505
29.767
-136.967
-260.173
-68.1551
-127.938
19.6536
37.9427
118.386
12.2718
53.7766
19.7725
106.922
-10.3181
-89.6159
6.93265
-4.95147
95.2677
-143.94
138.856
-96.5368
147.945
12.4595
26.491
82.3007
-67.1488
115.848
143.914
-15.7985
-55.1375
180.273
117.578
-18.062
-26.7723
-86.0431
30.4305
-50.0708
-13.1111
-12.7175
76.5391
-94.9588
80.777
120.583
325.944
25.8031
-47.0587
171.407
126.609
126.594
221.555
50.159
-265.052
-102.83
-226.02
-97.002
143.815
255
255
255
255
255
255
255
255
255
255
255
255
255
255
255
255
255
255
255
255
255
255
255
255
255
255
255
255
255
255
255
255
255
255
255
255
255
255
255
255
255
255
255
255
255
255
255
255
255
255
255
255
255
255
255
255
255
255
255
255
255
255
255
255
255
255
255
255
255
255
255
