209
-590.06
107.078
1379.82
-137.999
-46.3351
161.12
-543.26
659.629
66.667
98.8554
591.255
-41.3154
95.9552
-319.665
-578.506
-6.15884
-5.88448
204.418
349.08
261.768
138.297
114.228
-247.985
-10.9816
-25.809
-26.9658
-255.727
524.748
-320.816
-98.2224
-817.589
-110.119
-368.172
-57.8148
52.7886
144.376
-10.5236
-122.077
-366.307
-40.764
-442.152
77.4431
-430.648
218.175
298.016
438.126
40.044
344.302
-87.9274
17.2153
-162.545
112.088
87.9102
-321.352
-36.5564
220.896
32.1831
125.68
264.037
190.089
-9.30437
-10.6767
141.078
-50.6144
-179.662
64.4677
-192.212
-55.0578
-70.1817
109.282
-11.5994
-270.153
-114.481
241.008
-37.971
132.999
-70.2177
215.461
-63.9261
-294.103
4.8968
114.902
45.3205
-130.544
-258.898
-70.0783
-145.656
41.8537
29.881
117.608
24.9193
53.5842
15.0274
107.612
-10.3181
-89.6159
6.93265
-4.95147
95.2677
-143.94
138.856
-96.5368
147.945
12.4595
26.491
82.3007
-67.1488
115.848
143.914
-15.7985
-55.1375
180.273
117.578
-18.062
-26.7723
-86.0431
30.4305
-50.0708
-13.1111
-12.7175
76.5391
-94.9588
80.777
120.583
325.944
25.8031
-47.0587
171.407
126.609
126.594
221.555
50.159
-265.052
-102.83
-226.02
-97.002
143.815
255
255
255
255
255
255
255
255
255
255
255
255
255
255
255
255
255
255
255
255
255
255
255
255
255
255
255
255
255
255
255
255
255
255
255
255
255
255
255
255
255
255
255
255
255
255
255
255
255
255
255
255
255
255
255
255
255
255
255
255
255
255
255
255
255
255
255
255
255
255
255
