209
-940.805
219.276
1125.77
-299.276
189.133
265.2
-522.008
519.735
-51.1678
-1.16357
528.018
3.8138
41.9859
-235.531
-575.825
29.9838
-166.549
19.3958
342.747
332.152
260.763
140.149
-370.432
-39.6204
5.42177
-55.3363
-88.7475
477.335
-336.713
-180.792
-790.208
-197.539
-297.41
-61.1956
176.886
148.494
11.152
-184.684
-485.3
57.557
-537.309
56.017
-364.383
167.41
231.62
450.251
125.161
299.947
-116.352
35.5565
-140.684
232.552
119.187
-277.049
-57.5747
161.563
-9.4854
105.616
357.157
118.839
72.7766
18.2714
51.6178
22.7197
-188.9
22.1969
-192.669
-78.8445
-92.1092
186.034
3.72136
-215.951
-92.601
217.383
-66.8356
134.369
-119.426
199.853
-57.0998
-279.77
-3.8171
105.031
63.3359
-139.224
-280.655
-65.4601
-147.358
26.2576
23.3104
122.628
13.9865
58.776
19.7304
107.768
-10.3181
-89.6159
6.93265
-4.95147
95.2677
-143.94
138.856
-96.5368
147.945
12.4595
26.491
82.3007
-67.1488
115.848
143.914
-15.7985
-55.1375
180.273
117.578
-18.062
-26.7723
-86.0431
30.4305
-50.0708
-13.1111
-12.7175
76.5391
-94.9588
80.777
120.583
325.944
25.8031
-47.0587
171.407
126.609
126.594
221.555
50.159
-265.052
-102.83
-226.02
-97.002
143.815
255
255
255
255
255
255
255
255
255
255
255
255
255
255
255
255
255
255
255
255
255
255
255
255
255
255
255
255
255
255
255
255
255
255
255
255
255
255
255
255
255
255
255
255
255
255
255
255
255
255
255
255
255
255
255
255
255
255
255
255
255
255
255
255
255
255
255
255
255
255
255
